8.66  11.77  12.42  12.25  12.92  12.46  9.54  6.76  13.66  12.49  12.47  14.54  13.46  7.84  10.44  15.14  12.28  12.26  8.71  7.23  6.49  4.88  9.94  6.71  6.28  4.16  2.98  3.83  8.25  3.95  4.06  6.38  4.41  6.33  6.75  4.91  4.07  4.02  
8.87  12.03  12.44  11.92  12.62  12.39  9.65  7.35  13.55  11.90  11.91  14.37  13.67  8.38  10.93  15.24  12.00  12.00  8.70  7.63  6.65  4.97  9.89  7.10  5.57  4.08  2.90  3.90  7.75  3.64  3.77  6.40  4.66  6.41  6.60  5.18  4.24  4.21  
8.73  11.43  12.26  10.62  11.31  12.82  9.29  7.40  12.05  12.14  12.12  14.06  13.19  7.81  11.28  13.72  12.05  12.05  8.67  8.05  6.82  5.00  9.86  7.56  5.74  4.08  3.11  3.98  8.01  3.72  3.84  6.28  4.57  6.28  6.54  4.97  4.29  4.27  
9.63  12.16  12.20  11.47  12.09  12.68  10.13  7.61  12.71  11.01  11.01  14.42  14.16  8.72  10.90  14.31  12.23  12.24  9.26  7.71  6.70  4.92  10.08  7.16  5.21  4.00  2.93  3.88  7.39  3.82  3.67  5.70  4.93  5.73  7.14  4.82  3.49  3.49  
8.52  11.55  12.18  12.08  12.68  12.43  9.41  6.56  13.53  11.55  11.55  14.43  13.62  8.00  10.36  15.18  11.75  11.78  8.50  7.26  6.50  4.74  9.77  6.81  5.48  3.89  2.82  3.70  7.80  3.56  3.39  5.89  4.33  5.91  6.61  4.20  3.79  3.83  
8.82  11.80  12.30  11.67  12.26  12.42  9.57  7.43  13.00  11.80  11.79  14.20  13.66  8.08  10.56  14.59  12.05  12.06  8.89  7.51  6.57  4.93  10.00  7.10  5.47  4.10  3.02  3.95  7.82  3.38  3.59  6.39  4.49  6.40  6.62  4.79  4.58  4.60  
8.58  11.79  12.09  12.27  12.95  12.22  9.51  7.24  13.76  12.04  12.00  14.35  13.67  7.97  10.62  15.07  11.80  11.79  8.60  7.10  6.22  4.76  9.51  6.43  5.07  3.81  2.69  3.61  7.12  4.03  4.15  6.01  4.52  5.97  7.04  4.63  4.38  4.34  
8.46  11.94  12.39  12.18  12.91  12.22  9.37  6.83  13.79  11.85  11.85  14.62  14.05  8.62  10.48  15.49  11.62  11.59  8.40  7.26  6.22  4.95  9.49  6.61  5.77  3.96  2.73  3.81  8.40  3.97  4.16  6.77  4.71  6.76  6.94  4.60  3.81  3.84  
8.92  12.63  11.94  11.30  11.79  12.61  10.09  7.29  12.78  11.31  11.31  15.01  14.74  9.22  10.31  14.51  12.63  12.66  8.66  7.53  7.18  5.00  10.25  7.04  5.62  4.48  3.51  4.03  8.40  3.39  3.14  6.26  4.69  6.26  7.41  4.83  3.71  3.66  
9.54  12.58  12.18  11.77  12.46  12.71  10.38  7.44  13.24  11.58  11.57  14.18  14.11  8.83  10.64  14.79  12.23  12.24  9.08  7.29  6.85  4.84  10.00  6.71  5.15  4.08  2.95  3.83  8.09  3.62  4.03  5.96  4.21  6.01  6.70  5.48  3.41  3.42  
8.46  11.98  12.39  12.45  13.08  12.76  9.45  7.93  13.73  11.45  11.44  13.77  14.10  8.80  10.53  15.04  11.82  11.80  8.58  7.32  6.96  4.95  9.79  6.76  6.16  4.21  3.01  3.90  8.26  3.27  3.11  6.44  4.73  6.44  5.85  4.52  3.83  3.85  
8.53  11.89  12.63  12.59  13.19  12.99  9.38  6.92  13.79  11.36  11.36  14.26  13.48  7.86  10.29  15.14  11.80  11.82  8.42  7.16  6.92  5.14  9.76  6.63  6.24  4.23  3.09  4.03  9.31  3.25  3.20  6.13  4.49  6.17  6.58  4.36  3.67  3.68  
8.91  12.29  12.34  11.99  12.46  12.79  9.88  6.88  13.17  11.57  11.55  13.97  14.08  8.67  10.77  14.53  12.48  12.50  8.79  7.50  7.09  5.19  10.37  6.89  6.06  4.49  3.52  4.18  8.60  3.21  2.98  6.43  4.82  6.43  6.58  4.23  4.01  4.03  
8.76  12.13  11.92  11.65  12.33  12.29  9.74  6.71  13.17  11.39  11.41  13.79  13.82  8.41  10.46  14.90  11.76  11.79  8.68  7.41  6.57  4.60  9.76  6.88  5.79  3.86  2.85  3.63  8.01  3.45  3.36  6.08  4.77  6.12  5.99  4.43  3.67  3.71  
9.22  12.42  12.34  11.52  12.07  12.39  10.19  6.30  12.83  11.77  11.75  14.35  14.18  8.74  10.72  14.16  12.60  12.58  8.94  7.62  6.96  4.96  10.39  7.10  5.87  4.41  3.29  4.03  7.98  4.19  4.04  5.99  4.37  6.00  6.72  4.44  3.92  3.90  
8.92  11.94  12.32  11.81  12.20  12.80  9.66  7.37  13.00  11.28  11.27  13.89  13.53  7.91  10.31  14.53  11.94  11.96  8.85  7.59  6.98  5.15  9.79  7.07  5.72  4.31  3.15  4.07  8.27  3.28  2.89  5.82  4.34  5.79  6.22  4.70  4.13  4.11  
8.28  11.39  12.31  12.42  13.11  11.93  9.05  6.94  13.94  12.15  12.14  14.46  12.88  7.50  10.71  15.37  12.23  12.21  8.17  7.37  6.29  4.91  10.05  6.88  5.81  4.15  3.01  3.90  8.37  3.42  3.82  5.76  4.53  5.79  6.90  4.50  4.84  4.81  
8.67  11.91  12.39  12.47  13.08  12.36  9.50  7.19  13.80  11.11  11.11  13.70  13.46  8.26  10.85  15.25  12.17  12.20  8.47  7.56  6.43  5.16  10.07  6.91  5.71  4.26  3.09  4.03  7.30  3.05  2.88  6.13  4.22  6.14  5.98  4.54  4.63  4.66  
8.70  11.40  12.63  13.06  13.51  12.49  9.51  6.90  14.10  12.18  12.20  13.47  12.56  7.05  10.18  15.66  11.77  11.76  8.64  7.11  6.55  5.26  9.76  6.51  6.23  4.31  3.09  4.15  8.36  3.74  3.80  6.83  4.48  6.83  5.68  4.50  4.32  4.31  
9.04  11.65  12.55  12.84  13.51  12.35  9.43  7.32  14.25  11.47  11.49  14.72  13.22  7.93  11.22  15.61  11.70  11.74  9.12  7.40  6.17  4.94  9.54  6.67  5.25  3.85  2.75  3.82  7.27  3.54  3.40  5.42  4.44  5.44  7.80  5.42  3.66  3.67  
8.87  12.30  12.32  12.36  13.02  12.69  9.82  7.44  13.74  11.58  11.57  14.29  14.19  8.54  11.52  15.13  12.53  12.50  8.65  8.07  7.03  5.18  10.40  7.46  5.56  4.51  3.39  4.16  8.08  3.09  3.00  5.45  4.44  5.42  6.70  4.83  4.13  4.14  
8.84  12.18  11.98  12.09  12.62  12.12  9.78  6.85  13.41  11.71  11.70  14.91  13.84  8.51  9.98  15.00  11.92  11.94  8.66  7.03  6.58  4.51  9.97  6.64  6.27  3.88  2.77  3.50  8.68  3.24  3.33  6.40  4.79  6.38  6.95  4.74  4.22  4.26  
8.50  11.84  12.45  12.32  12.94  12.83  9.14  6.72  13.77  11.36  11.37  13.89  13.76  8.46  10.89  15.10  11.40  11.39  8.41  7.17  6.66  4.93  9.27  6.52  6.08  4.05  2.90  3.88  8.70  3.93  3.68  6.33  4.49  6.37  6.31  4.85  3.45  3.43  
8.69  11.99  12.54  12.60  13.11  12.50  9.44  7.31  13.92  11.50  11.49  13.67  13.79  8.27  10.40  15.47  12.06  12.06  8.82  7.10  6.52  5.02  9.80  6.49  6.06  4.13  2.91  3.92  8.49  3.49  3.19  6.09  4.87  6.10  6.06  4.57  3.75  3.76  
9.07  12.41  12.05  11.81  12.49  12.44  9.87  7.45  13.39  11.40  11.40  14.16  14.14  8.94  10.89  15.17  11.95  11.97  8.96  7.39  6.53  4.78  9.59  6.80  5.27  3.87  2.98  3.76  7.78  3.64  3.78  6.50  4.82  6.50  6.62  5.30  3.42  3.43  
8.91  11.76  12.42  11.67  12.41  12.86  9.51  7.45  13.14  11.47  11.47  13.71  13.47  8.37  11.07  14.51  11.85  11.87  8.43  7.30  6.56  5.20  9.86  6.63  5.47  4.25  3.18  4.09  8.36  3.50  3.74  6.25  4.64  6.26  6.33  4.99  4.81  4.82  
8.80  11.60  12.38  11.04  11.69  12.74  9.37  7.11  12.39  11.62  11.60  13.67  13.36  7.75  11.04  14.01  11.72  11.72  8.98  7.62  6.40  5.16  9.76  7.03  6.02  4.15  3.11  4.07  7.98  3.64  3.80  5.88  4.56  5.90  6.29  4.61  4.89  4.89  
8.75  11.25  12.29  11.09  11.59  12.87  9.26  7.12  12.22  12.15  12.13  13.19  12.91  7.39  10.96  13.28  11.77  11.78  8.72  7.53  6.56  5.11  9.75  6.86  6.04  4.08  3.06  4.05  8.83  4.14  4.28  5.98  4.36  5.98  5.86  4.63  4.70  4.68  
9.13  11.82  12.07  10.93  11.50  12.84  9.71  7.42  12.03  11.39  11.39  13.55  12.73  7.30  11.24  13.22  11.64  11.61  9.03  7.99  6.74  5.02  9.48  7.45  5.74  4.04  3.13  3.99  7.88  3.38  3.48  5.97  5.23  5.98  6.01  4.94  5.48  5.53  
8.76  11.69  11.83  10.94  11.80  12.24  9.56  6.51  12.48  12.68  12.69  13.76  13.22  8.13  10.74  13.94  11.66  11.69  8.70  7.27  6.20  4.75  9.62  6.72  6.30  3.89  2.83  3.69  8.17  4.10  4.69  6.66  4.25  6.67  5.96  4.59  5.51  5.56  
8.30  11.20  12.40  11.00  11.70  12.25  8.86  7.83  12.25  11.63  11.63  13.23  13.05  7.89  10.64  13.62  11.26  11.28  8.32  7.20  5.94  5.34  9.37  6.65  5.25  4.25  3.25  4.30  8.21  3.70  3.67  6.50  4.81  6.54  5.62  4.68  5.55  5.55  
8.70  11.13  12.13  10.74  11.19  12.73  9.05  7.06  12.01  11.87  11.84  13.79  12.67  7.55  10.73  13.50  11.48  11.47  8.51  7.19  6.37  4.93  9.57  6.56  6.23  3.95  2.94  3.90  9.37  3.96  3.95  6.17  4.52  6.16  6.47  4.72  5.05  5.06  
8.83  11.56  12.37  11.55  12.10  13.00  9.29  7.27  12.82  11.30  11.29  13.98  12.93  7.82  10.70  14.38  11.86  11.84  8.65  7.82  6.69  5.03  9.79  7.28  5.94  4.13  2.93  3.92  7.85  3.45  3.34  5.61  4.55  5.59  6.31  4.79  5.36  5.34  
8.59  11.09  12.12  11.19  11.72  12.47  8.91  7.21  12.57  11.32  11.32  14.17  12.86  8.21  10.19  14.45  11.17  11.17  8.68  7.15  6.36  4.86  9.24  6.67  5.48  4.03  2.97  3.82  7.70  3.48  3.81  7.02  4.72  6.99  7.03  4.92  5.12  5.14  
8.69  11.96  12.08  11.13  11.81  12.19  9.51  6.90  12.64  11.61  11.59  14.25  13.77  8.74  10.36  14.28  11.82  11.82  8.38  6.98  6.21  4.76  9.85  6.48  5.47  3.99  2.79  3.69  7.84  3.50  3.45  6.33  4.33  6.35  6.66  4.47  5.17  5.17  
8.77  11.71  11.93  10.76  11.28  12.73  9.32  6.69  12.09  11.82  11.78  14.57  13.33  8.01  10.70  13.75  11.86  11.87  8.60  7.64  6.73  4.86  9.94  7.14  5.94  4.04  2.95  3.86  8.12  3.71  3.54  6.53  4.16  6.56  7.14  4.29  5.04  5.03  
9.00  12.01  12.41  11.71  12.29  12.75  9.73  6.47  13.03  12.34  12.34  13.68  13.48  8.21  10.83  14.60  11.91  11.90  8.77  7.38  6.83  5.45  9.87  6.75  5.66  4.54  3.44  4.41  9.04  4.13  4.12  6.72  4.11  6.73  6.45  4.99  5.08  5.07  
8.67  11.58  12.38  11.70  12.39  12.50  9.26  7.22  13.18  12.40  12.41  14.42  13.39  8.12  10.69  14.67  11.67  11.69  8.56  7.29  6.36  5.06  9.80  6.65  6.06  4.07  2.88  3.97  8.73  4.29  4.52  6.33  4.98  6.32  6.85  4.82  4.73  4.71  
9.05  12.14  11.83  10.91  11.64  12.33  9.93  6.54  12.72  12.37  12.38  13.95  14.07  8.93  10.15  14.63  11.42  11.42  8.63  6.59  6.38  4.69  9.41  5.97  5.91  3.80  2.93  3.78  7.60  5.02  5.05  6.54  4.58  6.55  6.81  4.86  3.32  3.37  
9.88  11.50  11.89  10.63  11.10  12.47  10.23  6.83  11.84  11.96  11.98  13.63  13.42  8.11  11.01  13.37  11.49  11.48  9.70  7.75  6.45  4.86  9.54  7.12  5.56  3.82  2.94  3.84  8.17  4.03  4.16  6.50  4.48  6.51  6.77  4.63  4.51  4.52  
8.54  10.76  12.35  11.40  12.09  12.87  9.11  6.79  12.93  12.48  12.50  13.83  11.99  7.03  10.64  14.45  10.98  10.99  8.34  7.23  6.53  5.11  9.30  6.69  6.53  4.20  3.17  4.13  7.73  4.10  4.45  6.07  4.10  6.08  6.12  4.72  5.63  5.64  
8.70  11.44  12.22  10.43  10.85  12.75  9.27  7.30  11.59  12.03  12.02  14.32  12.80  7.70  10.56  13.07  11.68  11.69  8.64  7.42  6.87  5.08  9.76  6.96  5.71  4.45  3.53  4.10  7.72  3.32  3.64  5.95  4.62  5.99  6.90  4.40  5.60  5.60  
9.26  11.65  12.22  11.18  11.99  12.85  9.85  6.67  12.74  11.80  11.79  13.92  13.44  7.99  10.96  14.13  11.06  11.04  8.98  7.28  6.51  5.15  9.23  6.63  5.71  4.04  3.08  4.05  7.44  3.94  4.14  6.21  4.63  6.24  6.58  4.60  4.48  4.48  
9.13  11.63  12.24  11.57  12.39  12.27  9.71  6.23  13.11  12.45  12.44  14.09  13.35  8.30  10.38  14.80  11.51  11.49  8.80  7.10  6.11  4.96  9.46  6.61  6.37  3.88  2.84  3.89  7.97  4.13  4.66  6.97  4.45  7.00  6.37  4.53  4.84  4.84  
8.91  11.54  12.03  11.52  12.33  12.48  9.53  7.38  13.39  11.79  11.76  14.31  13.14  7.95  10.96  15.10  11.65  11.64  8.75  7.74  6.48  4.83  9.65  7.10  5.92  3.95  2.85  3.76  7.62  3.60  3.67  6.08  5.16  6.06  6.71  4.75  5.49  5.50  
9.87  12.56  11.87  11.26  11.78  12.31  10.58  7.05  12.70  12.26  12.27  14.56  14.02  8.93  10.45  14.46  11.71  11.76  9.46  7.21  6.43  4.78  9.80  6.66  5.61  3.87  2.88  3.71  7.79  4.08  4.53  6.91  4.26  6.92  6.92  4.85  4.62  4.62  
8.71  11.54  11.93  11.18  11.85  12.09  9.70  6.41  12.77  12.61  12.63  14.32  13.26  7.92  10.49  14.45  11.60  11.67  8.84  7.78  6.44  4.74  9.73  7.36  6.35  3.99  2.85  3.70  8.38  3.79  4.02  7.17  4.66  7.22  6.22  4.31  5.15  5.17  
8.22  11.06  12.31  10.62  11.14  12.35  8.92  7.51  11.93  12.39  12.42  13.89  12.82  7.51  11.01  13.49  11.78  11.72  8.21  7.66  6.62  5.11  9.78  7.26  6.09  4.24  3.18  4.14  8.48  4.06  4.13  6.34  4.62  6.38  6.43  5.11  5.51  5.51  
8.35  11.05  11.88  10.79  11.42  12.12  9.08  6.80  12.31  12.01  12.00  14.04  12.57  7.80  10.53  14.06  11.59  11.61  8.35  7.37  6.30  4.70  9.84  6.91  6.18  4.03  2.99  3.75  7.98  4.06  4.40  6.51  4.64  6.51  6.59  4.78  5.55  5.62  
9.21  11.90  12.20  10.78  11.59  12.27  9.93  6.61  12.55  12.74  12.74  14.77  13.15  7.84  10.01  14.31  11.37  11.35  9.17  7.06  6.45  4.91  9.35  6.68  6.20  4.06  2.99  3.87  8.20  4.09  4.34  5.95  4.73  5.93  6.69  4.96  5.53  5.55  
9.04  11.38  11.64  10.66  11.52  11.95  9.67  7.34  12.68  12.64  12.62  14.19  12.16  7.74  10.05  14.58  11.96  11.97  8.98  8.02  7.32  5.22  10.36  7.80  6.90  5.26  4.37  4.46  8.18  4.13  4.90  6.04  4.38  6.08  6.45  4.83  7.24  7.27  
9.24  11.62  12.15  11.10  11.78  12.69  9.67  7.22  12.48  12.13  12.13  13.45  12.35  7.23  10.46  13.99  11.54  11.55  9.29  7.73  7.08  5.28  10.00  7.38  6.40  4.89  3.94  4.46  8.67  3.65  4.23  5.95  4.60  5.93  5.59  4.59  6.47  6.49  
9.60  12.64  12.30  11.57  12.03  12.55  10.63  6.59  12.69  12.29  12.27  13.78  13.59  7.81  10.98  14.25  12.60  12.61  9.44  8.00  7.33  5.23  10.56  7.58  5.67  4.65  3.65  4.25  9.07  3.55  3.58  5.63  4.06  5.63  6.42  5.58  5.46  5.46  
9.28  11.80  12.18  11.91  12.75  11.84  10.09  6.82  13.80  11.91  11.90  14.38  12.77  8.15  9.39  15.59  11.21  11.26  8.98  6.56  6.19  4.77  9.37  6.33  6.22  4.06  2.88  3.69  7.83  3.68  3.91  6.23  5.22  6.21  6.44  4.63  5.67  5.68  
8.89  11.41  12.35  10.92  11.73  12.45  9.42  7.26  12.61  11.96  11.94  14.23  13.08  8.28  10.56  14.17  11.35  11.32  8.76  7.24  6.63  5.08  9.38  6.73  5.42  4.10  2.98  3.97  8.05  3.86  4.10  5.90  4.89  5.90  6.62  4.84  4.52  4.54  
9.43  12.49  12.25  11.50  12.02  12.39  10.24  7.42  12.82  12.22  12.19  14.43  13.87  8.48  10.61  14.52  12.22  12.21  9.30  7.69  6.74  5.03  10.01  7.17  5.81  4.20  3.12  3.97  8.71  3.82  3.81  5.69  5.14  5.69  6.69  4.66  4.41  4.41  
9.52  12.13  11.92  11.45  12.26  12.35  10.11  6.66  13.32  11.85  11.87  14.39  13.56  8.28  10.45  14.90  11.83  11.80  9.33  7.48  6.37  4.82  9.83  7.09  5.78  3.88  2.79  3.80  7.50  3.45  3.89  5.36  4.63  5.41  6.92  5.09  5.06  5.07  
8.48  10.64  12.44  11.42  12.29  12.47  8.86  7.06  13.16  12.21  12.19  14.00  12.13  7.23  10.98  14.74  10.60  10.60  8.25  7.32  6.12  5.15  8.87  6.72  6.21  4.32  3.19  4.05  8.74  4.19  4.69  5.41  4.43  5.38  6.60  4.64  5.97  5.96  
9.12  11.97  12.31  11.73  12.44  12.32  9.92  6.92  13.33  12.25  12.23  14.38  13.36  8.04  10.51  15.08  11.56  11.55  8.83  7.29  6.32  4.91  9.43  6.72  6.05  3.99  2.91  3.79  8.75  3.59  4.04  5.78  4.24  5.79  6.55  5.37  4.63  4.67  
9.45  11.75  12.34  11.42  12.15  12.57  10.09  6.63  12.72  12.02  11.99  14.19  13.34  7.60  10.26  14.00  11.20  11.20  9.00  6.87  6.44  5.08  9.23  6.40  6.26  4.11  3.12  4.01  9.14  3.70  3.96  5.24  4.59  5.23  6.33  4.40  5.00  4.97  
9.02  11.88  11.68  10.45  11.26  11.98  9.60  6.84  12.27  11.91  11.91  14.52  13.05  7.88  10.91  14.24  10.93  10.91  8.72  7.38  6.06  4.58  9.11  6.79  5.80  3.69  2.69  3.47  7.59  3.82  4.37  5.17  4.21  5.18  7.09  5.61  5.12  5.10  
9.13  11.99  11.96  10.94  11.90  12.18  9.73  6.56  13.15  12.09  12.08  14.68  13.46  8.05  10.34  15.14  10.98  10.97  8.94  6.93  6.22  4.88  9.12  6.46  5.82  3.84  2.73  3.78  8.38  4.15  4.47  5.63  4.17  5.64  7.37  5.62  5.24  5.21  
9.48  11.70  11.84  10.69  11.29  12.66  10.01  6.31  12.06  11.79  11.79  14.46  13.27  8.09  10.61  13.71  11.19  11.20  9.61  7.37  6.45  4.73  9.35  6.76  6.02  3.83  2.85  3.67  8.64  3.86  4.12  6.00  4.47  5.99  7.00  4.58  5.41  5.36  
9.39  11.63  12.29  11.15  11.85  12.78  9.83  6.91  12.66  12.49  12.48  13.86  13.03  7.60  10.56  14.04  11.63  11.65  9.16  7.29  6.47  4.95  9.62  6.69  5.96  4.04  2.88  3.84  9.05  4.01  4.10  6.09  4.39  6.08  6.12  5.05  5.33  5.34  
9.66  12.12  12.17  11.16  11.90  12.17  10.42  6.74  12.79  12.90  12.93  14.41  13.21  8.00  9.85  14.50  11.34  11.31  9.17  6.95  6.09  4.86  9.21  6.41  6.23  3.80  2.67  3.71  8.70  4.25  4.31  6.53  4.29  6.54  6.28  4.95  4.82  4.84  
9.17  11.37  11.89  11.60  12.23  12.24  9.51  6.44  13.14  11.98  11.97  14.29  12.71  7.46  10.25  14.65  11.60  11.60  8.76  7.32  6.26  4.78  9.54  6.82  5.81  3.88  2.74  3.69  8.72  3.79  4.03  6.00  4.31  6.00  7.08  5.08  5.15  5.24  
8.92  11.11  12.36  12.05  12.82  12.41  9.16  7.10  13.67  11.87  11.85  14.47  12.34  7.40  10.26  15.40  11.10  11.12  8.89  7.42  6.05  5.07  9.15  6.95  6.20  4.31  3.15  4.05  8.65  4.25  4.33  5.81  4.83  5.77  6.76  4.75  5.96  5.93  
9.36  11.81  12.31  11.89  12.57  12.57  9.80  6.26  13.40  11.62  11.63  14.32  13.06  7.55  10.82  15.01  11.58  11.60  9.10  7.85  6.54  4.97  9.53  7.40  5.93  4.20  3.11  3.99  8.23  3.39  3.54  5.63  4.98  5.61  6.55  5.09  5.63  5.63  
9.10  11.23  12.12  11.77  12.33  12.77  9.41  6.84  13.09  11.46  11.41  13.65  11.78  6.96  10.74  14.83  11.60  11.59  8.91  7.81  6.74  4.98  9.81  7.29  5.90  4.32  3.20  3.93  8.81  3.67  4.12  6.36  4.47  6.34  6.45  5.95  6.11  6.08  
9.02  11.36  12.27  11.02  11.93  12.36  9.56  7.25  12.78  11.66  11.66  14.54  12.30  7.23  10.95  14.32  11.46  11.48  8.96  7.61  6.38  5.17  9.66  7.16  5.44  4.37  3.29  4.17  7.32  3.73  4.18  5.84  4.62  5.80  7.06  5.42  6.12  6.13  
8.30  10.15  12.04  11.42  12.37  12.29  8.32  6.93  13.24  11.61  11.60  13.44  11.55  7.15  10.35  14.80  10.34  10.33  8.15  6.88  6.11  4.86  8.80  6.49  6.12  4.56  3.40  4.06  7.77  4.38  5.02  6.14  4.90  6.09  6.30  4.61  6.55  6.58  
9.37  11.49  12.31  11.24  11.90  12.70  9.49  6.57  12.76  11.55  11.53  13.93  12.53  7.89  10.71  14.51  11.47  11.45  9.17  7.62  7.07  5.32  9.67  7.13  6.32  4.89  3.92  4.35  7.47  3.56  3.95  5.71  4.38  5.68  6.59  5.50  6.30  6.32  
8.59  11.21  12.19  12.03  12.82  12.51  8.96  6.62  13.71  11.96  11.94  14.35  12.61  7.87  10.25  15.26  11.00  11.00  8.49  6.89  6.34  4.87  9.17  6.39  6.40  4.27  3.13  3.82  8.35  3.86  4.39  5.96  4.04  5.97  6.77  4.91  5.77  5.77  
8.97  11.97  11.97  11.45  12.12  12.35  9.73  6.31  12.93  11.86  11.83  14.32  12.96  7.71  10.60  14.53  11.73  11.68  8.93  7.76  6.74  4.85  9.75  7.35  6.31  4.12  3.10  3.89  8.53  3.34  3.72  6.20  4.54  6.14  6.41  4.74  5.76  5.75  
9.11  12.03  12.15  11.73  12.54  12.43  9.82  6.57  13.48  12.15  12.15  15.01  13.52  7.94  10.85  15.06  11.25  11.27  9.15  7.50  6.48  5.01  9.31  6.94  5.81  3.98  2.86  3.90  9.33  3.79  4.28  5.80  4.45  5.80  7.34  4.62  5.01  5.05  
9.10  12.29  12.03  11.29  12.11  12.62  10.00  6.76  13.06  12.16  12.12  15.12  13.76  8.60  10.68  14.67  11.19  11.22  8.70  7.30  6.63  4.81  9.32  6.88  5.44  3.89  2.86  3.76  8.25  3.68  4.34  5.62  4.48  5.59  7.28  4.66  4.66  4.63  
8.53  11.57  12.31  11.80  12.45  12.72  9.22  6.85  13.25  11.52  11.51  14.91  13.75  8.27  10.59  14.67  11.73  11.74  8.66  7.33  6.45  4.92  9.62  6.73  5.74  3.91  2.85  3.80  7.52  3.55  3.78  6.49  4.63  6.52  7.03  4.53  3.77  3.83  
8.71  11.72  12.07  11.95  12.75  12.32  9.58  6.66  13.80  11.89  11.89  14.43  13.60  8.23  10.27  15.68  11.84  11.83  8.77  7.45  6.39  4.83  9.60  7.00  6.13  3.95  2.90  3.76  8.19  3.43  3.67  6.10  4.57  6.10  6.39  5.01  4.39  4.33  
8.38  11.79  12.38  12.58  13.30  12.32  9.47  6.91  14.20  11.73  11.74  14.53  13.57  7.78  10.17  15.76  11.98  11.95  8.69  7.04  6.68  4.95  9.80  6.59  6.20  4.17  2.97  3.87  8.07  3.17  3.03  6.24  4.28  6.26  6.68  4.48  3.76  3.75  
8.94  12.08  12.21  11.62  12.34  12.72  9.76  7.64  13.31  11.24  11.23  14.98  13.62  8.53  10.82  15.04  11.28  11.24  8.82  7.28  6.56  4.92  9.60  6.74  5.06  3.93  2.97  3.85  7.40  3.42  3.53  6.30  4.74  6.27  7.75  5.68  3.68  3.67  
9.09  12.09  12.40  11.90  12.62  12.66  9.85  7.38  13.65  11.89  11.87  15.14  13.70  8.19  10.31  15.12  11.92  11.97  9.20  7.39  6.78  5.05  10.07  6.84  5.50  4.12  3.01  3.96  7.74  3.30  3.58  6.02  4.74  5.99  7.64  5.26  4.02  4.03  
9.02  12.40  12.37  12.33  12.90  12.36  10.09  6.88  13.66  11.76  11.78  15.35  13.79  8.36  10.06  15.31  12.30  12.30  8.79  7.30  7.16  5.09  10.18  7.00  5.58  4.53  3.36  4.08  7.91  3.11  2.96  6.78  4.47  6.80  7.42  4.42  4.54  4.54  
9.41  12.26  12.59  12.41  12.90  12.73  10.05  7.65  13.53  11.92  11.90  14.10  13.67  8.10  10.82  14.83  12.69  12.70  9.09  7.89  6.91  5.20  10.70  7.44  6.02  4.41  3.23  4.15  8.48  3.51  3.53  6.24  4.46  6.23  6.29  4.42  4.07  4.06  
8.82  11.64  12.12  11.89  12.53  12.43  9.50  6.52  13.25  11.93  11.90  14.12  13.69  8.12  10.51  14.83  11.38  11.38  8.58  7.28  6.23  4.93  9.36  6.61  6.36  3.87  2.84  3.80  7.37  4.07  4.25  6.13  4.65  6.10  6.28  4.13  3.83  3.86  
8.84  11.98  12.40  11.67  12.39  12.74  9.48  6.42  13.08  11.05  11.05  14.58  13.76  8.31  11.07  14.68  12.07  12.03  8.87  7.65  6.70  5.15  10.04  6.97  5.82  4.14  3.10  4.06  7.18  3.70  3.42  5.93  4.22  5.95  6.94  4.81  4.02  4.03  
8.87  12.17  12.34  11.71  12.39  12.54  9.68  7.17  13.31  12.24  12.22  14.87  13.91  8.22  10.46  14.87  12.10  12.08  8.80  7.59  6.69  5.10  10.02  7.06  6.57  4.21  3.06  4.02  8.88  3.72  3.74  6.30  4.26  6.26  6.71  4.69  4.58  4.55  
8.67  11.32  12.41  12.30  12.98  13.12  9.18  7.35  13.53  12.17  12.15  14.19  13.33  8.08  10.70  14.79  11.72  11.73  8.83  7.08  6.87  5.13  9.56  6.60  5.93  4.17  3.14  4.03  8.27  3.65  3.99  5.34  4.74  5.33  6.62  4.33  4.11  4.13  
9.25  12.62  11.85  11.00  11.68  12.43  10.24  7.11  12.53  11.55  11.55  14.54  14.41  8.94  10.23  14.06  12.00  12.02  8.79  7.17  6.95  4.65  10.09  6.71  5.80  4.03  3.16  3.73  7.98  3.68  3.53  5.87  5.07  5.89  6.75  4.51  3.63  3.62  
9.07  11.91  12.15  12.22  12.87  12.41  9.60  6.77  13.84  11.17  11.18  14.70  13.70  8.35  10.20  15.56  11.51  11.52  8.82  7.05  6.40  4.80  9.49  6.48  5.92  3.83  2.76  3.70  7.76  3.34  3.20  5.88  4.55  5.90  7.09  5.13  3.68  3.68  
8.82  12.01  12.32  12.64  13.05  12.40  9.73  6.68  14.13  12.03  12.04  15.02  13.52  8.49  9.98  15.84  11.12  11.13  8.59  6.86  6.77  5.14  9.65  6.40  6.13  4.30  3.25  4.07  9.17  3.35  3.18  6.50  4.17  6.52  7.63  4.76  3.58  3.56  
8.65  11.88  12.68  12.85  13.48  12.57  9.29  7.46  14.31  11.90  11.89  14.35  13.69  8.22  10.36  15.69  11.57  11.59  8.43  7.42  6.62  5.10  9.61  6.88  6.32  4.22  2.96  3.94  8.35  3.72  3.50  6.62  4.69  6.60  6.48  4.81  3.69  3.72  
9.01  12.02  12.29  11.95  12.55  12.59  9.74  6.87  13.36  12.39  12.37  14.52  13.29  8.11  10.16  14.97  11.44  11.44  8.77  7.71  6.90  4.82  9.48  7.36  6.20  4.01  2.92  3.76  8.91  3.61  3.59  7.39  5.12  7.39  6.25  4.77  5.16  5.21  
8.67  11.72  12.52  11.63  12.20  12.94  9.31  6.76  12.76  12.18  12.17  14.78  13.47  7.98  10.35  13.99  11.60  11.58  8.37  7.20  6.75  5.09  9.39  6.62  6.23  4.14  3.04  3.99  8.72  4.41  4.28  6.47  4.92  6.47  7.13  4.42  3.38  3.41  
8.38  11.44  12.59  12.36  12.93  12.62  9.14  6.39  13.70  13.32  13.31  14.57  13.38  7.81  10.46  15.11  11.64  11.60  8.23  7.21  6.61  5.20  9.61  6.63  6.35  4.28  3.11  4.13  9.45  4.36  4.69  6.51  4.14  6.48  6.77  4.88  4.64  4.62  
9.16  11.85  12.04  11.16  11.70  12.35  9.82  6.58  12.39  11.44  11.44  14.73  13.60  8.52  10.11  13.76  11.78  11.76  8.77  7.33  6.64  4.76  9.74  6.88  5.68  3.96  2.94  3.70  8.00  3.48  3.28  6.45  4.63  6.48  6.78  4.40  4.29  4.28  
8.71  12.10  12.28  10.82  11.34  12.91  9.61  7.85  12.16  11.90  11.88  14.97  14.22  8.76  10.74  13.69  12.20  12.20  8.79  7.70  7.05  4.95  10.41  7.15  5.71  4.13  3.23  3.93  8.12  3.71  3.68  6.41  4.26  6.37  7.52  5.35  4.16  4.16  
9.24  12.24  12.41  12.62  13.27  12.57  10.14  7.41  14.07  12.01  12.00  15.18  13.82  8.61  10.43  15.39  11.88  11.89  8.97  7.40  6.81  4.91  9.71  6.95  5.53  4.20  3.10  3.93  8.51  3.38  3.28  5.83  4.63  5.86  7.33  4.36  3.77  3.78  
9.29  11.78  12.65  12.69  13.23  12.98  9.75  7.85  13.91  12.24  12.23  14.30  13.30  7.96  9.98  15.25  12.17  12.16  8.85  7.47  7.11  5.20  10.24  7.11  6.48  4.35  3.17  4.13  8.87  3.54  3.57  5.87  4.58  5.87  6.46  4.72  4.16  4.13  
9.34  11.89  12.37  11.61  12.27  12.40  9.73  7.77  13.22  11.86  11.85  14.23  13.34  8.12  10.32  14.54  12.28  12.25  9.04  7.01  6.25  4.86  9.98  6.50  5.93  3.97  2.85  3.78  7.85  3.87  3.90  5.83  4.64  5.78  6.70  5.35  5.11  5.07  
8.50  11.27  12.59  13.23  13.81  12.55  8.98  7.65  14.65  12.11  12.10  14.71  13.06  8.17  9.92  16.42  11.39  11.39  8.30  6.86  6.31  5.10  9.43  6.30  5.92  3.99  2.88  3.95  8.33  3.79  3.88  6.10  4.22  6.13  6.94  4.75  3.86  3.89  
8.80  11.68  12.83  12.73  13.28  12.76  9.45  7.98  14.02  11.44  11.46  14.62  13.41  8.18  10.12  15.49  11.66  11.64  8.77  7.34  6.62  5.36  9.68  6.89  5.55  4.39  3.20  4.23  7.70  3.11  2.75  5.66  4.36  5.68  6.96  5.34  3.89  3.86  
8.94  12.03  12.59  12.52  12.90  12.46  9.98  7.27  13.55  11.52  11.51  15.05  13.46  8.30  9.55  15.15  12.45  12.42  8.78  7.09  6.77  5.06  10.16  6.68  6.10  4.25  3.12  3.98  8.36  3.17  2.92  7.01  4.26  7.02  7.03  4.58  4.12  4.13  
8.61  11.47  12.53  12.46  13.09  12.18  9.30  7.57  13.78  12.07  12.07  14.41  12.66  7.38  10.18  15.21  11.77  11.77  8.74  7.18  6.47  5.02  9.55  6.75  6.04  4.13  2.97  3.92  8.19  3.60  3.64  6.24  4.46  6.27  6.57  4.60  4.14  4.14  
8.45  11.46  12.37  12.28  12.93  12.54  9.13  7.50  13.64  12.35  12.33  13.88  13.16  7.84  10.70  15.02  12.23  12.21  8.24  7.41  6.93  5.06  10.23  6.76  5.48  4.13  3.05  3.99  8.53  4.15  4.19  5.79  4.48  5.79  6.38  4.78  3.36  3.35  
8.99  12.08  12.66  12.89  13.34  12.59  9.88  7.75  14.20  12.26  12.27  15.17  13.64  8.29  10.10  15.68  12.29  12.31  8.72  7.11  6.96  5.15  10.13  6.79  5.65  4.37  3.25  4.10  8.49  3.32  3.13  5.54  4.29  5.55  7.40  4.61  3.47  3.50  
7.91  11.16  12.93  13.09  13.65  12.78  8.70  7.23  14.23  11.87  11.87  13.97  13.05  7.54  10.31  15.51  11.62  11.63  7.86  7.01  6.64  5.36  9.56  6.54  6.19  4.47  3.29  4.28  8.59  3.65  3.31  5.93  4.62  5.92  6.12  4.58  3.45  3.41  
8.75  11.58  12.62  12.45  13.06  12.42  9.55  7.42  13.65  11.41  11.40  13.76  13.29  7.99  10.00  15.03  11.78  11.78  8.50  6.71  6.51  5.17  9.58  6.23  5.91  4.25  3.17  4.12  7.94  3.56  3.23  6.51  4.39  6.50  5.83  4.64  3.93  3.90  
9.33  12.29  12.97  12.89  13.54  12.89  10.25  7.10  14.32  11.95  11.93  14.64  13.76  8.00  10.05  15.53  12.55  12.58  8.98  7.09  7.16  5.64  10.27  6.59  6.23  4.74  3.76  4.66  8.10  3.70  3.25  5.88  4.63  5.87  6.46  4.47  3.67  3.66  
8.40  11.65  12.21  12.44  13.13  12.34  9.23  6.81  13.98  11.67  11.68  13.89  13.38  7.93  10.18  15.53  11.59  11.63  8.22  7.17  6.57  4.86  9.64  6.72  5.53  4.00  2.81  3.78  7.49  3.02  3.12  6.13  4.31  6.19  5.96  4.25  3.91  3.89  
9.03  12.07  13.12  13.04  13.57  13.14  9.76  7.47  14.10  11.55  11.52  13.94  13.63  8.01  10.48  15.13  11.63  11.59  8.52  7.19  7.18  5.68  9.72  6.58  6.35  4.84  3.80  4.63  8.27  3.50  3.03  5.78  4.75  5.75  6.11  4.63  3.47  3.48  
9.13  12.09  12.28  12.59  13.20  12.07  9.98  6.86  14.02  11.81  11.79  14.58  13.33  7.77  9.59  15.50  11.72  11.73  8.90  7.22  6.34  4.76  9.58  6.86  6.26  3.89  2.67  3.62  8.18  3.18  3.17  6.19  4.20  6.19  6.35  4.62  4.38  4.36  
8.75  11.67  12.64  12.87  13.56  12.87  9.35  7.72  14.24  11.79  11.81  13.86  13.20  8.02  10.24  15.26  11.75  11.73  8.52  7.21  6.98  5.24  9.76  6.71  6.22  4.39  3.23  4.16  8.05  3.65  3.04  6.33  5.03  6.35  5.96  4.28  4.04  4.02  
9.10  12.03  12.37  12.36  13.05  12.45  9.80  7.99  13.72  11.76  11.75  14.19  13.61  8.55  10.05  14.90  12.06  12.05  8.77  7.14  6.52  4.98  9.78  6.66  5.80  4.01  2.87  3.87  8.05  3.64  3.65  6.15  5.25  6.12  6.25  4.41  3.62  3.65  
8.58  11.81  12.38  12.73  13.40  12.49  9.45  6.83  14.01  11.77  11.75  14.42  13.64  8.33  10.56  15.37  11.51  11.52  8.66  7.50  6.70  4.92  9.70  7.03  5.65  4.03  2.87  3.85  8.03  3.47  3.44  5.99  4.30  5.97  6.46  4.56  3.33  3.39  
9.46  12.43  12.62  13.14  13.65  12.37  10.24  7.69  14.45  11.98  11.96  14.13  13.66  8.62  9.94  16.02  12.12  12.08  9.00  6.96  6.62  5.17  9.80  6.47  5.82  4.28  3.07  4.06  8.21  3.13  3.04  6.79  4.20  6.80  6.02  4.59  3.83  3.79  
9.71  12.45  12.37  12.21  12.74  12.58  10.28  6.28  13.27  11.23  11.19  13.75  13.64  8.04  10.52  14.70  12.12  12.12  9.34  7.46  6.60  4.94  9.78  6.89  5.93  4.09  2.89  3.88  8.28  3.55  3.09  6.59  4.59  6.57  5.83  4.59  4.28  4.26  
8.70  11.76  12.49  12.65  13.39  12.56  9.35  7.06  13.88  11.30  11.29  14.14  13.81  8.74  10.30  15.08  11.51  11.49  8.66  6.93  6.53  5.08  9.71  6.44  5.60  4.07  2.94  3.96  8.27  3.62  3.31  6.35  4.98  6.36  6.29  4.62  3.62  3.60  
8.90  11.80  12.10  10.85  11.51  12.15  9.45  7.52  12.42  11.39  11.41  14.31  13.50  8.31  10.19  14.27  11.55  11.55  8.64  7.18  6.08  4.69  9.38  6.74  5.22  3.76  2.72  3.65  7.72  3.46  3.38  6.04  4.59  6.06  6.39  4.92  4.00  3.97  
8.21  11.39  12.26  11.69  12.47  12.65  8.98  7.11  13.32  11.47  11.45  14.34  13.30  8.04  10.50  14.83  11.36  11.37  8.21  7.12  6.55  4.87  9.34  6.52  5.81  4.04  2.91  3.82  8.35  3.48  3.40  6.14  4.41  6.15  6.55  5.12  3.76  3.73  
8.68  11.76  12.53  12.66  13.16  12.25  9.24  7.39  13.97  11.85  11.87  14.76  13.55  8.17  9.86  15.47  12.10  12.07  8.56  6.70  6.34  4.98  9.89  6.27  5.23  4.13  2.98  3.92  7.54  3.31  3.34  5.84  4.95  5.81  6.87  4.33  3.89  3.90  
8.33  11.88  12.00  11.80  12.43  12.24  9.41  7.35  13.42  11.29  11.27  15.08  14.17  8.95  9.81  14.98  12.18  12.17  8.30  6.78  6.61  4.54  9.86  6.33  5.84  3.73  2.84  3.58  8.50  3.41  3.25  6.30  5.00  6.29  7.02  4.60  3.35  3.32  
8.85  11.77  12.39  12.20  12.80  12.12  9.54  7.63  13.67  11.08  11.03  14.55  13.99  8.35  10.81  15.27  12.00  11.98  8.66  7.34  6.36  4.89  9.76  6.73  4.62  3.99  2.84  3.77  8.12  3.18  3.24  5.52  4.79  5.43  6.89  5.01  3.89  3.82  
8.95  11.89  12.52  12.68  13.27  12.51  9.68  7.52  13.82  11.52  11.49  13.57  13.34  8.15  10.69  15.00  11.53  11.55  8.32  7.11  6.45  5.05  9.70  6.49  5.58  4.07  2.88  3.91  8.73  3.46  3.20  5.95  4.89  5.90  5.73  4.39  3.88  3.84  
8.61  11.79  12.59  12.29  12.89  12.41  9.17  7.69  13.51  12.35  12.36  13.78  13.85  8.21  10.49  15.06  11.51  11.50  8.31  7.11  6.28  5.10  9.46  6.46  5.51  4.07  2.95  3.96  10.70  4.05  4.23  5.96  4.75  5.98  5.92  4.28  3.56  3.57  
9.04  12.19  12.33  11.88  12.51  12.52  9.82  7.68  13.19  12.35  12.34  14.59  13.85  8.35  10.12  14.85  11.63  11.62  8.69  7.00  6.59  4.87  9.68  6.51  5.86  3.98  2.83  3.78  11.13  3.96  4.06  6.34  4.36  6.33  6.85  4.62  3.84  3.84  
9.00  12.21  12.53  12.34  12.58  12.75  9.85  7.12  13.41  11.82  11.82  14.44  13.87  8.20  10.27  15.16  11.89  11.88  8.51  7.54  7.17  5.23  9.91  7.00  6.01  4.54  3.41  4.15  10.65  3.67  3.34  5.89  4.27  5.88  7.03  4.80  3.34  3.33  
9.27  11.98  12.46  12.11  12.63  12.63  9.86  7.38  13.47  11.56  11.56  14.47  13.72  8.30  10.26  15.14  11.89  11.87  8.80  7.34  6.67  5.00  9.81  6.88  5.64  4.09  3.03  3.98  9.66  3.05  2.89  5.91  4.74  5.92  6.71  4.88  3.57  3.56  
8.53  11.87  11.91  11.03  11.52  12.57  9.44  6.90  12.48  11.32  11.30  14.45  13.86  8.20  10.07  14.20  11.48  11.45  8.32  6.68  6.64  4.67  9.17  6.20  5.23  3.82  2.84  3.60  9.71  3.68  3.55  6.08  4.31  6.08  6.96  4.65  3.47  3.50  
9.03  12.25  12.01  11.46  11.97  12.23  10.04  7.28  12.90  11.89  11.90  14.41  14.10  8.41  9.54  14.56  11.88  11.91  8.73  6.76  6.66  4.62  9.53  6.35  5.52  3.95  2.98  3.61  10.10  3.39  3.55  5.93  4.45  5.94  6.53  4.67  3.66  3.67  
9.29  12.20  12.48  13.02  13.39  12.78  10.00  7.59  14.02  11.42  11.39  14.32  13.76  8.29  10.53  15.43  12.37  12.36  9.06  7.30  7.17  5.21  10.20  6.80  5.27  4.47  3.26  4.20  9.85  3.19  2.85  5.54  4.23  5.55  6.92  4.94  3.53  3.54  
9.20  11.80  12.79  12.51  13.12  12.67  9.60  7.66  13.79  11.35  11.37  13.99  13.30  7.96  10.90  15.05  11.90  11.91  8.75  7.49  6.67  5.50  9.76  6.84  5.38  4.44  3.50  4.45  9.74  3.45  3.02  5.61  4.24  5.63  6.63  5.36  3.55  3.56  
9.46  12.75  12.89  12.67  12.97  13.00  10.17  7.43  13.48  11.36  11.37  14.11  14.20  8.53  10.67  14.83  12.44  12.42  9.06  7.50  7.32  5.56  10.44  6.97  5.78  4.78  3.68  4.56  10.17  3.68  3.22  5.35  4.72  5.36  6.75  5.09  3.77  3.77  
9.59  12.55  12.30  11.92  12.55  12.67  10.35  6.53  13.21  11.35  11.37  15.04  14.04  8.64  10.11  14.73  12.33  12.33  9.12  7.02  7.02  5.01  10.12  6.55  5.33  4.26  3.15  3.96  9.79  3.30  2.97  5.88  4.41  5.90  7.19  5.02  3.70  3.68  
9.60  12.46  12.22  12.21  12.63  12.53  10.30  7.12  13.35  12.14  12.12  14.31  13.99  8.65  10.26  14.88  12.24  12.23  9.10  7.43  6.85  4.97  10.03  6.88  5.89  4.14  3.15  3.94  10.08  3.43  3.54  5.90  4.51  5.92  6.47  4.75  3.80  3.79  
8.93  11.97  12.67  12.55  13.05  12.59  9.37  8.22  13.74  11.86  11.85  14.26  13.59  8.12  10.34  15.25  11.78  11.80  8.66  7.12  6.57  5.13  9.94  6.64  5.59  4.20  3.01  4.05  10.85  3.50  3.43  6.03  4.75  6.03  6.55  4.79  4.23  4.24  
9.05  12.09  12.47  12.23  12.82  12.78  9.71  7.02  13.53  11.92  11.90  13.83  13.47  8.23  10.99  15.02  12.49  12.48  8.77  7.72  6.79  5.29  10.37  7.11  5.85  4.49  3.43  4.28  9.53  3.59  3.38  5.96  4.35  5.93  6.23  4.88  4.06  4.04  
8.43  11.54  12.31  12.10  12.87  12.13  9.22  7.16  13.86  11.88  11.84  14.06  13.41  7.93  10.35  15.58  11.44  11.41  8.45  7.10  6.13  4.90  9.36  6.60  6.23  3.96  2.84  3.81  9.85  3.46  3.72  6.30  4.46  6.25  6.10  4.95  4.07  4.05  
9.22  12.16  11.99  11.65  12.34  12.55  9.87  7.49  13.29  11.01  11.01  14.45  14.06  9.01  10.56  14.76  11.50  11.53  9.04  6.97  6.30  4.82  9.28  6.30  4.76  3.71  2.89  3.74  8.74  3.55  3.72  6.03  5.00  6.04  6.93  5.45  3.61  3.57  
8.84  11.89  12.49  12.01  12.60  12.61  9.60  7.06  13.35  11.36  11.33  13.91  13.15  8.03  10.71  14.90  11.82  11.80  8.77  7.47  6.41  5.07  9.73  6.89  5.18  4.13  3.03  3.98  10.20  3.48  3.41  5.89  4.56  5.84  6.35  4.52  4.06  4.10  
9.37  12.36  12.25  11.96  12.62  12.55  10.28  6.73  13.35  11.35  11.38  14.26  13.72  8.03  10.62  14.83  12.20  12.19  8.92  7.53  6.83  4.86  10.12  7.06  5.38  4.11  2.98  3.84  10.20  3.56  3.38  5.99  4.26  6.06  6.36  4.97  3.94  3.94  
9.29  12.65  12.03  11.81  12.34  12.11  10.30  7.07  13.20  11.30  11.33  14.41  14.53  8.58  10.14  14.87  12.43  12.41  8.86  7.24  6.91  4.81  10.03  6.74  5.59  4.20  3.08  3.74  9.88  3.80  3.30  5.54  4.15  5.58  6.63  4.72  3.68  3.72  
8.87  11.78  12.23  12.12  12.80  12.43  9.71  6.61  13.62  11.57  11.58  14.11  13.22  7.81  10.00  14.93  11.64  11.68  8.61  6.67  6.50  4.93  9.79  6.19  5.27  4.07  2.90  3.87  10.47  3.41  3.26  5.47  5.18  5.49  6.15  4.37  4.81  4.81  
8.38  12.08  12.56  12.21  12.90  12.70  9.21  7.29  13.71  11.82  11.81  13.41  13.40  7.99  10.73  15.14  11.45  11.43  8.13  7.20  6.61  5.17  9.44  6.57  4.97  4.31  3.17  4.07  10.61  3.87  3.88  5.63  4.57  5.67  5.67  4.85  4.55  4.57  
9.32  12.39  12.45  12.27  12.80  12.55  10.03  6.90  13.65  11.52  11.53  14.34  13.94  8.87  10.03  15.19  12.05  12.07  8.92  7.05  6.71  5.05  10.05  6.53  5.99  4.21  3.04  4.02  10.29  3.19  3.16  5.73  4.53  5.75  6.51  4.86  4.34  4.32  
9.18  12.46  12.32  11.85  12.56  12.54  10.14  6.95  13.37  11.09  11.09  14.54  14.21  8.65  10.31  14.77  12.14  12.16  9.04  7.38  6.76  5.08  9.84  6.91  4.93  4.34  3.25  4.02  9.19  3.20  3.03  5.63  4.58  5.62  6.87  4.94  4.53  4.53  
9.48  12.25  12.29  11.73  12.43  12.49  10.12  7.32  13.14  11.38  11.39  14.53  13.85  8.43  10.89  14.51  12.30  12.32  9.02  7.42  6.63  4.95  10.17  6.99  5.11  4.02  2.90  3.86  8.90  3.52  3.62  5.36  4.66  5.34  6.97  5.10  4.61  4.63  
8.49  11.62  12.03  10.86  11.62  12.45  9.29  7.05  12.39  11.78  11.77  14.08  13.71  8.09  10.71  13.97  11.39  11.38  8.37  7.45  6.34  4.82  9.36  6.89  5.88  3.92  2.90  3.78  9.66  3.71  4.07  5.33  4.61  5.35  6.16  4.49  5.20  5.18  
8.77  11.35  12.30  10.01  10.70  12.67  9.06  7.13  11.40  11.73  11.76  13.80  12.64  7.43  11.34  12.63  11.04  11.00  8.81  7.50  6.11  5.14  9.16  6.78  5.46  4.18  3.12  4.07  10.23  4.09  4.52  5.62  4.47  5.63  6.38  5.62  5.76  5.72  
8.77  11.32  12.14  11.41  12.11  12.30  9.27  7.00  12.81  11.75  11.79  14.18  12.59  7.44  10.27  14.31  11.38  11.39  8.62  7.25  6.26  4.90  9.41  6.81  6.05  4.06  3.01  3.92  10.47  3.84  4.11  5.74  4.19  5.78  6.51  4.61  5.69  5.69  
9.33  11.60  11.96  10.73  11.32  12.39  9.77  7.59  12.12  11.68  11.71  14.49  13.13  8.07  10.35  13.49  11.67  11.68  9.01  6.97  6.35  4.99  9.67  6.47  5.52  3.84  3.10  3.94  10.05  3.62  3.93  5.71  4.24  5.80  6.89  4.57  4.65  4.65  
9.23  11.63  11.73  10.46  11.19  12.39  9.67  7.60  12.12  11.66  11.64  14.78  12.86  7.64  9.71  13.95  11.10  11.09  9.17  6.63  6.29  4.61  9.30  6.36  5.08  3.86  2.89  3.70  10.28  3.65  4.11  5.65  4.89  5.65  7.44  5.14  5.73  5.73  
8.45  10.56  11.89  11.53  12.49  12.09  8.58  7.39  13.70  11.18  11.15  14.64  11.72  7.48  9.99  15.72  10.70  10.68  8.36  6.90  6.42  4.84  8.90  6.58  4.94  4.86  3.91  4.06  8.74  3.82  4.36  6.35  4.68  6.37  7.57  6.15  6.97  6.94  
8.75  10.86  12.03  10.73  11.49  12.11  9.03  8.01  12.39  11.60  11.59  14.11  12.46  7.53  10.81  13.72  11.36  11.35  8.64  7.79  6.16  5.02  9.44  7.33  5.26  4.30  3.31  4.08  10.37  3.68  4.00  5.85  4.73  5.87  6.69  4.73  6.10  6.17  
9.39  12.48  12.50  11.62  12.14  12.62  10.28  6.87  12.97  11.92  11.94  13.93  13.80  8.71  10.29  14.41  11.90  11.89  9.09  7.30  6.62  5.22  9.82  6.80  5.24  4.28  3.14  4.14  10.52  3.45  3.50  5.70  4.89  5.72  6.05  4.57  4.86  4.86  
8.28  11.00  11.94  10.64  11.55  12.09  9.04  7.29  12.46  12.78  12.78  14.18  12.56  7.27  10.72  13.85  11.43  11.47  8.03  7.44  6.20  4.88  9.47  7.00  6.79  4.15  3.09  3.91  10.11  3.91  4.31  5.63  4.38  5.62  6.18  4.45  5.62  5.67  
8.44  11.16  11.77  11.34  12.17  11.63  9.20  7.04  13.32  11.96  11.94  14.96  12.35  7.36  10.16  15.39  11.56  11.54  8.66  7.09  6.18  4.67  9.46  6.79  6.23  4.33  3.30  3.76  9.48  3.72  4.21  5.60  4.37  5.56  7.46  5.28  6.22  6.18  
9.11  11.63  12.33  10.84  11.55  12.65  9.53  6.95  12.30  12.19  12.17  13.94  13.40  8.17  10.81  13.85  11.32  11.35  8.95  7.05  6.21  5.10  9.12  6.36  6.08  3.92  2.91  4.03  9.75  4.60  4.79  5.51  4.15  5.52  6.80  5.17  4.38  4.34  
9.21  12.24  12.25  11.37  12.02  12.39  9.97  6.95  12.78  12.18  12.15  14.21  13.64  7.96  10.88  14.18  12.35  12.33  8.83  8.04  6.83  5.15  10.30  7.57  6.39  4.45  3.43  4.18  10.59  3.38  3.60  6.25  4.37  6.24  6.07  4.47  5.35  5.43  
8.66  11.73  11.94  10.60  11.37  12.65  9.29  7.47  12.17  11.52  11.51  14.08  13.61  8.42  10.62  13.85  11.04  11.04  8.41  7.29  6.23  4.89  9.10  6.74  5.44  3.73  2.80  3.81  9.94  3.71  4.11  6.64  4.11  6.69  6.41  4.80  4.74  4.75  
8.85  11.62  11.97  10.73  11.39  12.60  9.54  7.15  12.30  11.95  11.92  14.65  13.31  7.90  10.08  14.07  11.72  11.71  8.77  7.34  6.75  4.72  9.67  6.90  5.81  3.93  2.88  3.69  10.10  3.64  3.66  6.48  4.40  6.43  6.72  4.90  4.58  4.51  
8.98  11.77  12.20  11.16  11.81  12.75  9.60  6.79  12.83  11.48  11.48  14.06  13.04  7.92  10.26  14.41  11.49  11.50  8.61  6.96  6.61  4.95  9.36  6.32  6.50  3.95  2.98  3.86  10.66  3.71  3.29  6.04  4.23  6.07  6.14  4.75  3.91  3.89  
9.08  12.02  12.16  10.97  11.75  12.24  9.98  6.90  12.57  12.13  12.15  14.12  13.65  8.29  10.55  14.14  12.22  12.24  8.85  7.49  6.59  4.83  10.13  6.98  6.26  4.07  2.98  3.78  10.89  3.68  4.04  5.90  4.77  5.95  6.31  4.54  4.70  4.70  
8.89  12.22  12.26  12.00  12.69  12.60  9.81  6.46  13.65  11.37  11.35  14.51  14.15  8.53  10.56  15.39  11.64  11.60  8.75  7.45  6.70  4.77  9.70  6.91  5.91  3.98  2.82  3.74  10.55  3.33  3.17  6.69  4.99  6.70  6.70  4.49  3.83  3.82  
8.75  12.07  12.28  11.66  12.30  12.79  9.49  7.55  13.18  11.28  11.27  14.41  14.03  8.72  10.36  14.93  11.66  11.66  8.41  7.24  6.85  5.11  9.68  6.62  5.59  4.17  3.15  4.06  10.11  3.42  3.32  6.81  4.52  6.83  6.81  5.08  3.62  3.59  
8.83  12.13  12.31  11.64  12.38  12.88  9.51  7.06  13.17  11.27  11.25  14.45  14.03  8.46  10.59  14.64  11.61  11.59  8.60  7.04  6.72  4.95  9.69  6.44  5.82  4.12  2.98  3.90  9.80  3.64  3.37  5.94  4.84  5.93  6.95  5.12  3.55  3.53  
9.00  12.44  12.16  11.37  12.13  12.30  9.91  7.42  13.00  12.14  12.13  14.86  14.42  8.84  10.18  14.51  11.73  11.72  8.75  6.87  6.39  4.74  9.60  6.31  5.79  3.88  2.84  3.66  10.76  4.30  4.20  6.47  4.84  6.42  6.97  4.56  3.03  2.99  
9.22  12.09  11.98  10.91  11.47  12.64  9.87  7.17  12.38  11.84  11.81  13.96  14.11  8.70  10.54  14.01  11.36  11.35  9.24  7.16  6.41  4.90  9.33  6.46  5.95  3.80  2.96  3.87  9.98  4.24  4.56  6.66  5.01  6.67  6.59  4.83  3.34  3.37  
8.70  12.04  11.74  11.59  12.13  12.22  9.55  6.67  13.05  11.47  11.48  13.71  13.85  8.77  9.99  14.91  11.81  11.79  8.57  7.12  6.65  4.66  9.85  6.54  6.34  4.00  2.91  3.65  9.50  3.46  3.19  7.15  4.18  7.16  6.05  4.46  3.58  3.54  
9.25  12.55  12.13  11.42  11.89  12.37  10.31  7.14  12.54  11.92  11.91  13.76  14.44  8.55  10.19  14.15  12.08  12.09  8.95  7.54  6.92  4.85  10.04  7.04  5.89  4.32  3.26  3.86  10.03  3.77  3.61  6.96  4.69  6.98  5.94  4.83  3.91  3.88  
8.63  11.98  12.27  12.33  13.04  12.29  9.58  7.13  13.93  11.84  11.82  14.99  14.09  8.71  10.31  15.62  11.55  11.57  8.61  7.28  6.48  4.88  9.62  6.83  5.96  4.02  2.89  3.80  9.40  3.32  3.11  6.68  4.46  6.71  6.94  4.83  3.74  3.75  
8.70  11.77  12.73  12.42  13.07  12.84  9.55  7.46  13.73  12.03  12.03  14.63  13.91  8.22  11.09  15.02  11.71  11.75  8.52  7.72  6.73  5.26  9.82  7.11  6.12  4.35  3.16  4.20  9.51  4.34  4.09  5.78  4.77  5.80  7.20  4.86  3.64  3.61  
8.76  11.66  12.75  13.31  13.93  12.66  9.44  7.71  14.67  12.01  12.03  14.34  13.26  8.11  10.37  15.87  11.81  11.79  8.92  7.38  6.71  5.29  9.82  6.93  6.00  4.38  3.16  4.18  10.43  3.24  3.20  6.44  4.60  6.42  6.28  4.67  4.31  4.33  
9.24  12.09  11.96  11.24  11.86  12.53  9.89  6.42  12.72  11.19  11.19  14.95  13.77  8.38  10.46  14.63  11.62  11.61  9.10  7.67  6.49  4.80  9.60  7.20  5.13  3.86  2.86  3.76  9.01  3.26  3.11  6.47  4.50  6.49  7.55  4.69  4.04  4.02  
8.85  11.63  12.88  12.56  13.06  12.94  9.45  7.32  13.74  11.20  11.19  13.77  13.51  8.28  10.76  14.96  11.61  11.66  8.44  7.18  6.78  5.47  9.57  6.60  4.66  4.51  3.41  4.41  9.89  3.28  2.97  5.62  4.59  5.60  6.64  4.82  3.70  3.69  
9.29  12.18  12.44  11.88  12.38  12.77  9.70  7.57  13.09  10.98  10.97  14.29  14.06  8.74  10.80  14.64  11.66  11.65  9.00  7.12  6.38  5.04  9.69  6.42  4.63  4.04  2.87  3.94  7.65  3.35  3.54  6.00  4.49  5.99  7.46  5.55  3.77  3.76  
8.93  12.29  12.82  12.76  13.39  12.49  9.65  7.29  14.04  11.42  11.40  14.02  13.99  8.38  10.74  15.25  11.63  11.63  8.64  7.32  6.26  5.24  9.49  6.77  5.62  4.18  3.02  4.12  9.61  3.51  3.15  5.74  4.80  5.74  6.27  4.81  3.84  3.86  
9.43  12.47  12.11  11.61  12.09  12.51  10.19  7.64  12.94  10.99  10.94  14.10  14.20  8.43  10.51  14.46  12.32  12.32  9.00  7.51  6.67  4.89  9.98  6.96  5.28  4.10  3.03  3.86  9.17  3.25  3.16  5.79  4.35  5.74  6.27  4.34  4.07  4.09  
9.53  12.26  12.31  12.16  12.76  12.67  10.34  7.59  13.53  11.46  11.43  14.20  13.64  8.14  10.86  15.12  11.84  11.80  9.24  7.61  6.83  5.01  9.83  7.15  5.49  4.25  3.11  3.98  9.72  3.02  2.99  5.83  4.83  5.79  6.81  4.46  4.22  4.24  
8.92  12.01  12.29  11.50  12.09  12.72  9.65  7.18  12.98  11.27  11.25  14.17  13.88  7.95  10.55  14.55  11.99  12.00  8.71  7.51  6.71  5.09  9.93  6.90  5.39  4.12  3.14  4.00  9.35  3.62  3.39  5.44  4.15  5.41  6.48  5.05  4.11  4.13  
9.40  12.44  12.17  11.97  12.40  12.51  10.01  7.62  13.31  11.28  11.27  14.60  14.21  8.90  10.42  14.98  11.53  11.55  8.96  7.12  6.46  4.89  9.46  6.49  4.82  3.88  2.81  3.81  8.80  3.45  3.74  5.86  4.75  5.89  7.26  4.58  3.67  3.70  
9.54  12.24  12.99  12.97  13.43  13.37  10.10  7.52  14.05  11.67  11.64  13.65  13.79  8.61  10.62  15.17  11.77  11.75  9.05  7.45  7.28  5.68  10.19  6.87  5.89  4.80  3.70  4.64  9.75  3.13  2.91  5.99  4.25  5.97  5.82  4.73  4.36  4.33  
8.75  11.76  12.38  12.21  12.90  12.44  9.59  7.14  13.99  11.93  11.92  14.32  13.79  8.18  10.25  15.53  10.88  10.92  8.14  6.76  6.62  5.04  9.00  6.29  5.36  4.08  2.87  3.95  10.11  3.51  3.67  6.33  4.44  6.29  6.66  4.70  4.57  4.52  
8.82  12.32  12.58  12.67  13.26  12.45  9.95  6.83  13.97  11.72  11.71  14.41  14.02  8.14  10.58  15.27  12.23  12.22  8.55  7.37  6.97  5.21  10.19  6.77  5.67  4.64  3.51  4.14  8.00  3.46  2.98  6.26  4.14  6.22  6.53  4.94  4.29  4.30  
9.03  12.17  12.08  11.18  11.90  12.52  9.89  6.99  12.82  11.10  11.09  14.42  14.44  9.10  10.46  14.25  11.80  11.81  8.65  7.12  6.73  4.94  9.58  6.60  5.25  4.23  3.22  3.96  6.86  3.20  3.08  6.30  4.99  6.29  6.61  4.25  3.57  3.56  
9.22  11.93  12.25  11.24  11.72  12.54  9.88  6.93  12.61  12.12  12.12  14.77  13.37  7.92  10.02  14.21  11.54  11.54  9.13  7.22  6.55  4.94  9.63  6.67  6.02  4.08  3.02  3.86  7.92  3.50  3.43  6.78  4.54  6.78  6.84  4.64  4.82  4.90  
8.61  11.72  12.00  10.56  11.13  12.54  9.36  7.13  11.99  12.42  12.41  14.50  13.54  7.96  10.65  13.82  11.20  11.19  8.57  7.36  6.42  4.82  9.32  6.81  5.53  4.00  2.98  3.81  8.83  3.91  4.29  6.06  4.44  6.05  7.00  4.54  4.94  4.93  
9.26  12.49  12.35  11.63  12.21  12.62  10.21  7.15  12.89  12.05  12.02  14.92  14.09  8.36  10.89  14.47  12.15  12.14  9.21  7.89  7.10  4.98  10.05  7.41  5.74  4.38  3.31  3.99  8.83  3.43  3.41  6.02  4.20  5.99  7.05  4.68  4.04  4.05  
9.30  12.13  12.31  11.45  12.07  12.41  9.81  7.12  12.68  11.02  11.04  13.79  13.95  8.52  11.44  14.33  11.51  11.55  8.98  7.64  6.04  5.05  9.42  6.89  4.67  3.97  2.84  3.91  9.06  3.79  3.90  6.12  5.10  6.16  6.78  4.82  4.36  4.35  
8.57  11.08  12.14  12.15  13.01  12.42  8.76  7.29  14.09  11.84  11.82  14.60  12.99  8.18  10.81  15.81  10.83  10.85  8.32  7.15  5.99  4.81  9.04  6.58  5.31  3.88  2.71  3.69  9.10  3.74  4.24  5.76  4.58  5.77  7.28  5.35  4.46  4.49  
9.08  12.20  12.09  11.55  12.24  12.68  9.93  6.99  13.14  11.54  11.54  14.42  14.03  8.48  10.44  15.10  11.44  11.44  9.15  7.07  6.63  4.77  9.47  6.45  5.92  3.93  2.81  3.67  10.17  3.33  3.59  6.57  4.22  6.56  6.83  5.23  3.95  3.95  
8.49  11.90  12.04  11.50  12.34  12.40  9.63  6.77  13.29  11.54  11.54  14.60  13.92  8.19  10.94  15.10  11.76  11.74  8.57  7.62  6.50  4.64  9.77  6.99  5.76  3.86  2.78  3.63  9.69  3.64  3.76  6.83  4.17  6.83  7.03  5.67  3.56  3.62  
8.58  11.54  12.60  12.03  12.51  13.07  9.20  7.14  13.18  11.64  11.65  14.31  13.42  7.90  10.53  14.68  11.64  11.64  8.53  7.38  6.92  5.22  9.74  6.84  6.15  4.28  3.19  4.16  10.33  3.37  3.42  6.16  4.94  6.20  6.54  4.76  3.88  3.87  
8.61  11.68  12.38  12.43  13.16  12.59  9.26  7.19  13.73  10.97  10.98  14.39  13.67  8.17  10.47  15.12  11.76  11.77  8.86  7.21  6.44  4.90  9.76  6.69  5.86  3.90  2.82  3.79  9.49  3.34  2.73  6.18  5.03  6.19  6.76  5.25  3.63  3.64  
8.45  11.48  12.55  12.44  13.13  12.17  9.21  7.15  13.90  12.37  12.35  14.11  13.63  8.17  9.70  15.48  11.47  11.43  8.25  6.68  6.23  4.93  9.48  6.35  6.15  4.09  2.87  3.85  10.02  3.57  3.85  6.41  4.27  6.41  6.11  4.49  4.20  4.17  
8.22  11.54  12.49  12.00  12.80  12.33  9.10  7.35  13.66  12.11  12.10  14.59  13.59  8.21  10.40  15.15  11.42  11.40  8.32  6.82  6.24  5.03  9.10  6.44  6.39  4.02  2.88  3.95  9.76  4.04  3.97  6.44  4.57  6.43  7.06  5.64  4.08  4.13  
9.48  12.52  11.97  11.46  12.26  12.57  10.28  7.51  13.04  11.26  11.27  15.20  14.26  8.76  10.84  14.65  11.82  11.82  9.67  7.61  6.51  4.67  9.67  7.09  5.03  3.82  2.74  3.60  9.16  3.48  3.54  5.91  4.19  5.92  7.88  5.54  3.89  3.85  
8.55  12.08  12.02  11.09  11.87  12.64  9.55  7.01  12.87  11.37  11.36  14.41  14.00  8.29  10.48  14.61  11.45  11.44  8.30  6.99  6.67  4.79  9.37  6.46  6.00  3.96  2.97  3.70  9.64  3.77  3.58  6.06  4.10  6.03  6.56  5.09  3.79  3.79  
8.73  11.36  12.49  12.13  12.71  12.95  9.07  7.73  13.31  11.74  11.74  14.40  13.44  7.99  10.92  14.72  11.49  11.48  8.66  7.40  6.56  5.08  9.58  6.79  5.88  4.15  2.97  4.00  10.67  3.54  3.81  5.90  4.16  5.92  6.86  4.83  4.51  4.47  
9.05  12.08  12.73  12.41  13.05  12.52  9.66  7.23  13.82  12.46  12.44  14.16  13.64  8.00  10.24  15.35  11.68  11.68  8.72  7.39  6.30  5.25  9.46  6.87  6.05  4.32  3.07  4.16  10.20  3.97  4.03  5.81  4.41  5.79  6.43  4.58  4.66  4.69  
8.80  11.65  12.53  11.52  12.15  12.77  9.69  6.61  12.88  12.25  12.23  14.32  13.45  7.81  11.00  14.23  11.59  11.62  8.54  7.96  6.99  5.53  9.78  7.37  6.62  4.66  3.59  4.49  10.27  3.56  3.32  5.94  4.50  5.95  6.50  4.48  5.29  5.30  
8.85  11.55  12.42  11.46  12.11  12.70  9.44  6.62  12.98  12.44  12.43  13.95  13.02  7.85  10.94  14.28  11.48  11.49  8.64  7.78  6.75  5.30  9.75  7.27  6.78  4.45  3.38  4.28  10.05  3.88  3.98  5.93  4.72  5.95  6.27  4.98  5.62  5.62  
8.60  11.27  12.39  11.45  12.07  12.90  8.96  7.03  12.68  11.29  11.27  14.10  13.08  7.99  10.83  14.30  11.21  11.24  8.54  7.36  6.44  5.33  9.34  6.73  5.72  4.36  3.35  4.26  10.13  3.32  3.44  6.41  5.05  6.39  6.62  4.81  5.76  5.76  
8.41  11.47  12.38  11.09  11.62  13.07  9.08  6.34  12.25  10.99  10.99  13.83  13.59  8.36  11.16  13.81  11.21  11.19  8.23  7.42  6.82  5.23  9.41  6.68  5.42  4.26  3.20  4.16  9.39  3.51  2.97  6.17  4.43  6.19  6.48  4.86  4.88  4.88  
8.88  11.75  12.42  11.11  11.60  12.76  9.70  7.03  12.29  12.68  12.65  14.16  13.00  7.62  10.50  13.59  11.93  11.93  8.59  7.46  6.78  5.35  10.17  6.96  6.53  4.58  3.61  4.32  10.52  3.55  3.89  6.26  4.26  6.25  6.04  4.65  5.76  5.80  
8.95  11.98  12.05  11.31  11.97  12.43  9.81  6.58  12.66  11.35  11.33  14.18  13.69  7.95  10.97  14.04  11.24  11.27  8.63  7.38  6.30  5.07  9.32  6.68  6.04  4.15  3.12  4.02  10.34  3.78  3.65  6.45  4.37  6.45  6.91  4.84  4.86  4.85  
8.46  11.44  12.02  11.05  11.75  12.30  9.13  7.10  12.64  11.67  11.66  14.18  12.75  7.38  10.76  14.23  11.40  11.38  8.36  7.36  6.03  4.98  9.28  6.78  6.13  4.00  2.98  3.91  9.16  3.59  3.52  6.35  4.44  6.32  6.57  5.05  5.46  5.46  
9.15  11.26  12.05  11.14  11.91  12.30  9.19  6.64  12.77  12.01  11.99  14.39  12.33  7.16  10.65  14.07  10.88  10.89  8.89  7.37  5.97  4.77  9.00  6.74  5.93  3.86  2.71  3.68  8.27  3.99  4.67  6.39  4.22  6.38  6.81  5.61  5.46  5.41  
9.01  11.20  11.98  10.25  10.84  12.51  9.36  7.29  11.58  12.10  12.09  14.05  12.74  7.44  10.54  13.26  11.45  11.46  8.64  7.36  6.18  4.74  9.32  6.76  5.93  3.88  2.82  3.66  8.12  4.23  4.49  6.23  4.03  6.21  6.56  4.92  5.24  5.24  
8.89  11.65  12.27  11.29  12.19  12.70  9.68  6.67  13.14  11.51  11.51  14.06  13.37  7.87  10.39  14.72  11.36  11.32  8.70  6.85  6.56  5.06  9.36  6.33  5.56  4.08  2.99  4.03  6.96  3.70  3.84  5.99  4.27  5.97  6.30  4.88  5.03  4.97  
9.25  11.63  12.51  11.75  12.22  12.86  9.69  7.21  13.03  12.63  12.63  13.19  13.01  7.43  10.92  14.43  11.33  11.34  8.91  7.40  6.42  5.30  9.40  6.82  5.86  4.26  3.16  4.24  8.96  4.11  4.58  5.99  4.32  5.97  5.95  4.72  5.24  5.32  
9.03  11.87  13.05  12.63  13.27  13.28  9.68  7.56  13.67  12.21  12.18  13.65  13.44  8.42  10.82  14.63  11.80  11.80  8.75  7.32  7.09  5.72  9.85  6.71  6.18  4.81  3.61  4.65  10.09  3.88  3.90  6.16  4.39  6.16  6.05  4.47  5.41  5.38  
8.78  11.90  12.01  11.15  11.75  12.57  9.45  6.42  12.53  11.75  11.71  13.75  13.99  8.38  10.96  13.93  11.78  11.78  8.88  7.51  6.50  4.93  9.58  6.83  5.63  3.96  3.00  3.88  9.48  4.04  4.21  5.87  4.56  5.85  6.44  5.00  4.66  4.70  
8.01  11.12  12.80  11.66  12.11  12.96  8.71  6.78  12.65  11.46  11.46  13.90  12.87  7.47  11.03  14.04  11.44  11.45  8.03  7.68  6.77  5.77  9.66  7.05  6.38  4.87  3.80  4.75  10.60  3.25  3.10  6.32  4.39  6.30  6.02  4.74  5.84  5.84  
8.15  11.17  12.22  11.59  12.15  12.71  8.87  6.71  12.79  11.97  11.95  13.58  13.07  7.65  10.47  14.14  11.69  11.72  8.30  7.52  6.97  5.29  9.91  7.04  6.58  4.49  3.50  4.36  10.13  3.53  3.49  6.07  4.35  6.08  5.45  4.47  5.48  5.49  
8.28  11.02  12.77  11.74  12.34  12.95  8.90  7.45  13.01  12.17  12.17  14.12  12.83  7.29  11.02  14.33  11.71  11.72  8.37  7.62  6.67  5.61  9.59  7.00  6.44  4.63  3.57  4.54  10.44  3.77  3.88  5.56  4.71  5.58  6.31  5.14  5.95  5.93  
8.70  11.26  12.10  11.37  12.00  12.38  9.16  7.04  12.64  11.03  11.01  13.53  13.10  7.90  10.62  14.06  11.12  11.12  8.80  7.17  6.11  4.73  8.88  6.61  5.36  3.84  2.69  3.69  9.01  3.49  3.60  5.92  4.41  5.89  6.24  5.18  5.45  5.45  
8.17  11.14  11.96  11.39  12.15  12.43  8.84  6.88  12.86  11.97  11.93  13.83  12.99  7.75  10.70  14.39  11.53  11.51  8.44  7.24  6.20  4.73  9.55  6.69  5.73  3.71  2.68  3.66  9.97  3.96  4.39  5.88  4.78  5.84  6.28  4.73  4.75  4.75  
8.53  11.60  12.11  10.88  11.36  12.79  9.31  7.21  12.16  11.98  11.98  14.19  13.48  8.06  10.32  13.85  11.58  11.58  8.52  7.29  6.69  5.02  9.57  6.73  6.19  4.12  3.15  4.01  9.73  3.75  3.60  5.71  4.87  5.74  6.33  4.59  4.69  4.69  
9.05  12.06  12.13  10.73  11.45  12.58  9.71  6.60  12.24  12.19  12.19  14.07  13.54  8.09  10.84  14.08  11.36  11.37  8.77  7.21  6.39  4.92  9.26  6.56  5.97  3.92  2.79  3.81  9.90  4.52  4.39  5.35  4.39  5.37  6.90  5.32  4.49  4.50  
9.32  12.04  12.83  11.82  12.11  13.04  10.03  7.35  12.87  11.99  11.98  14.64  14.03  8.38  10.49  14.50  12.26  12.23  8.85  7.74  7.19  5.57  10.11  7.23  5.96  4.74  3.72  4.55  9.74  3.18  3.22  6.43  4.45  6.44  6.73  4.80  4.97  4.95  
9.41  12.27  12.11  11.37  12.07  12.18  10.41  6.87  12.81  11.45  11.43  14.15  13.99  8.21  10.86  14.12  12.14  12.12  8.86  7.63  6.41  4.82  10.12  7.10  5.98  4.09  3.00  3.76  8.62  3.43  3.23  6.07  4.27  6.01  6.30  4.55  4.40  4.44  
8.79  11.88  12.37  11.59  12.34  12.91  9.30  6.82  12.97  11.53  11.54  14.27  13.59  8.21  10.65  14.30  11.81  11.82  8.57  7.14  6.77  5.08  9.67  6.60  5.72  4.15  2.99  4.02  8.93  3.52  3.65  6.16  4.29  6.14  6.52  4.76  4.56  4.54  
9.95  12.17  12.24  11.55  12.07  13.03  10.23  7.14  12.72  11.25  11.25  13.37  13.34  8.12  10.68  14.10  11.08  11.09  9.26  7.09  6.45  5.09  9.31  6.44  5.69  3.93  3.00  4.00  8.96  3.56  3.85  5.93  4.27  5.92  5.90  4.74  4.99  4.99  
8.85  11.87  12.03  10.97  11.62  12.55  9.42  7.04  12.37  11.23  11.22  14.45  13.57  8.33  10.39  14.01  11.59  11.58  8.71  7.17  6.24  4.78  9.31  6.58  5.75  3.83  2.81  3.73  9.28  3.68  3.72  6.17  4.94  6.22  6.77  4.68  4.47  4.44  
9.21  12.25  12.35  12.20  12.67  12.55  10.04  7.10  13.53  11.64  11.63  15.08  13.59  7.87  10.11  15.21  12.48  12.48  8.90  7.27  6.80  5.03  10.15  6.92  5.95  4.29  3.18  3.98  10.15  3.20  3.06  5.60  4.47  5.61  7.67  4.88  3.60  3.62  
8.99  11.95  12.43  12.84  13.41  12.36  9.78  7.03  14.24  11.37  11.34  14.77  13.38  8.12  9.88  15.91  11.73  11.72  8.81  7.01  6.62  5.05  9.53  6.61  5.90  4.13  3.04  4.04  9.98  3.51  2.95  6.15  4.20  6.11  7.48  4.58  3.51  3.50  
9.48  12.40  12.32  12.37  13.04  12.33  10.30  7.47  13.76  11.38  11.37  14.52  13.81  8.12  10.79  15.21  12.16  12.13  9.14  7.48  6.57  4.95  9.87  6.92  5.99  4.10  2.98  3.92  10.00  3.41  3.04  6.24  4.88  6.23  6.96  4.54  3.36  3.44  
9.48  11.99  12.21  11.77  12.35  12.47  9.96  6.90  13.17  10.95  10.95  14.74  13.41  7.95  10.22  14.76  11.91  11.92  9.22  7.18  6.62  4.88  9.76  6.71  5.38  3.96  2.79  3.82  9.82  3.20  2.80  5.80  4.42  5.76  7.44  5.24  4.29  4.27  
9.64  12.32  12.50  12.31  12.98  12.74  10.37  7.84  13.76  11.44  11.43  14.11  13.87  8.19  10.60  15.40  11.69  11.73  9.24  7.38  6.75  5.15  9.73  6.80  5.71  4.17  3.10  4.05  10.11  3.44  3.37  5.81  4.62  5.81  6.72  5.60  4.02  4.04  
8.52  11.84  12.44  11.81  12.38  12.53  9.49  6.94  13.49  11.16  11.15  14.73  13.98  8.44  10.51  15.32  12.04  12.06  8.53  7.37  6.70  4.98  9.89  6.86  5.88  4.22  3.19  4.03  9.37  3.52  2.90  6.08  3.98  6.06  7.19  5.12  3.79  3.79  
9.22  11.62  11.95  11.04  11.62  12.44  9.75  6.34  12.47  12.01  11.97  15.28  12.96  7.69  10.05  14.36  11.49  11.48  8.95  7.37  6.34  4.58  9.63  7.01  5.91  3.80  2.77  3.60  10.59  3.67  4.11  6.15  4.85  6.13  7.49  4.47  5.11  5.05  
9.19  12.47  12.44  10.84  11.50  12.94  10.17  7.62  12.30  12.10  12.12  14.43  14.20  8.46  10.57  13.87  11.82  11.81  8.85  7.32  7.03  5.26  9.98  6.74  5.54  4.52  3.62  4.28  10.91  4.02  3.75  5.45  4.50  5.43  6.73  4.58  4.11  4.07  
8.30  10.66  12.96  12.85  13.61  12.77  8.56  7.06  14.22  11.44  11.46  13.26  12.66  7.66  11.29  15.70  11.07  11.04  8.14  7.61  6.28  5.50  9.21  6.90  6.15  4.40  3.23  4.37  11.14  3.85  3.62  6.35  4.36  6.37  5.86  4.70  5.24  5.26  
8.94  12.18  11.87  11.67  12.34  12.29  9.81  6.53  13.34  12.31  12.31  14.57  14.02  8.49  10.05  15.19  11.77  11.75  8.76  7.16  6.80  4.63  9.96  6.82  5.61  3.95  2.78  3.60  10.19  3.50  3.89  6.16  3.91  6.18  6.71  4.98  4.81  4.81  
9.28  12.10  12.28  11.99  12.61  12.68  9.94  6.91  13.44  12.53  12.51  14.20  13.97  8.53  10.84  15.11  11.59  11.63  9.06  7.48  6.71  5.13  9.72  6.83  6.31  4.22  3.09  4.04  10.38  4.38  4.48  6.13  4.64  6.12  6.53  4.69  4.53  4.46  
8.81  11.91  12.14  11.56  12.21  12.43  9.53  6.77  13.09  11.64  11.66  14.19  13.71  8.34  10.13  14.75  11.70  11.69  8.74  7.08  6.33  4.86  9.51  6.57  5.98  3.98  2.91  3.78  9.28  3.49  3.56  5.80  4.37  5.85  6.49  4.44  5.25  5.25  
9.47  11.49  11.92  10.65  11.31  12.05  9.63  7.39  12.01  11.49  11.49  13.65  12.94  7.89  10.70  13.52  11.27  11.29  9.15  7.46  6.10  4.68  9.35  7.02  5.15  4.02  2.93  3.74  9.54  3.73  4.23  6.27  4.98  6.25  6.70  4.19  5.63  5.67  
9.44  12.71  11.77  11.02  11.68  12.18  10.40  6.53  12.60  11.98  11.98  14.86  14.15  8.85  10.12  14.40  11.63  11.64  9.09  7.29  6.44  4.78  9.46  6.78  5.61  3.89  2.84  3.71  10.51  3.64  3.83  6.38  4.34  6.42  7.02  4.89  5.12  5.13  
9.75  12.49  12.01  11.14  11.90  12.13  10.64  6.64  12.77  11.55  11.56  14.93  13.72  8.03  10.43  14.33  11.00  11.01  9.41  7.06  6.23  4.88  9.09  6.56  5.34  4.00  2.94  3.80  10.55  3.47  3.40  5.68  4.66  5.71  7.31  4.94  5.67  5.62  
8.89  12.08  12.35  11.55  12.07  12.52  9.66  6.64  12.95  12.18  12.17  14.11  13.65  8.19  10.32  14.69  11.99  12.01  8.81  7.39  6.99  5.27  10.00  7.00  6.25  4.60  3.49  4.27  10.58  3.29  3.26  5.89  4.08  5.88  6.22  4.72  5.78  5.79  
9.37  12.31  12.28  11.26  11.86  12.44  10.16  7.51  12.72  11.32  11.31  14.29  14.08  8.50  10.76  14.31  12.25  12.23  9.10  7.83  6.55  4.98  9.97  7.29  5.84  4.17  3.15  3.95  10.70  3.25  2.92  5.34  4.27  5.33  6.47  4.86  4.10  4.11  
9.11  12.14  11.86  10.81  11.41  12.51  9.69  6.85  12.32  11.16  11.12  14.39  13.66  8.28  10.12  14.01  11.53  11.55  8.64  7.21  6.51  4.70  9.55  6.68  6.31  3.81  2.80  3.66  10.99  3.40  3.24  6.41  4.57  6.37  6.50  4.48  4.81  4.81  
9.06  11.91  12.87  12.34  12.93  12.76  9.72  7.78  13.41  13.14  13.10  13.64  13.00  7.36  11.01  14.47  11.84  11.82  8.81  7.95  6.81  5.72  9.83  7.41  7.24  4.68  3.51  4.65  12.64  4.44  4.50  5.84  4.61  5.81  5.58  4.27  5.16  5.18  
8.91  11.22  11.97  10.80  11.40  12.21  9.16  8.41  12.25  11.91  11.91  14.34  12.53  7.71  10.25  13.92  11.71  11.69  8.78  7.46  6.37  4.70  9.60  7.13  6.41  4.39  3.31  3.84  11.17  4.02  4.10  6.08  4.34  6.06  6.95  4.65  5.99  5.99  
9.14  11.95  12.25  11.80  12.31  12.29  9.79  7.49  12.94  12.62  12.64  14.41  13.21  8.33  10.40  14.52  11.92  11.92  8.86  7.72  6.58  4.91  9.93  7.30  6.70  4.15  2.95  3.88  11.41  3.92  4.20  5.61  4.77  5.63  6.52  4.40  4.54  4.57  
8.64  12.10  11.89  10.75  11.42  12.25  9.64  7.47  12.32  11.88  11.88  14.95  14.01  8.39  10.06  14.11  11.87  11.88  8.66  7.06  6.48  4.79  9.73  6.45  6.46  3.96  3.01  3.74  10.79  3.97  3.65  5.77  4.55  5.78  7.17  4.42  4.04  4.06  
8.75  12.34  12.81  11.82  12.40  13.04  9.72  7.68  12.85  12.00  12.00  14.15  13.30  7.45  10.64  14.19  12.07  12.08  8.49  7.69  7.28  5.50  10.31  7.18  7.12  4.89  3.71  4.45  11.01  3.71  3.32  5.50  4.79  5.51  6.21  4.71  4.98  4.95  
9.48  11.67  12.63  12.59  13.02  12.58  9.98  7.65  13.45  13.07  13.05  13.63  13.15  7.97  10.94  14.61  12.06  12.06  9.09  7.92  6.76  5.20  9.99  7.47  6.97  4.33  3.09  4.10  10.26  4.25  4.52  5.52  4.09  5.48  6.00  4.42  4.25  4.30  
9.06  11.58  12.35  11.90  12.56  12.61  9.44  7.14  13.23  11.86  11.85  14.95  12.71  7.67  10.79  14.66  11.18  11.19  8.65  7.41  6.44  4.98  9.30  6.92  5.69  4.23  3.13  3.99  9.83  3.48  3.98  5.55  4.27  5.56  7.33  4.83  5.34  5.36  
9.37  12.15  12.55  12.38  13.03  12.58  10.16  7.00  13.65  11.52  11.50  13.72  13.70  8.10  10.23  15.15  11.81  11.81  9.02  6.91  6.52  5.16  9.56  6.38  6.29  4.33  3.17  4.09  10.83  3.43  3.32  5.64  5.09  5.63  5.93  4.30  5.07  5.03  
8.96  11.50  12.12  10.96  11.67  12.41  9.44  7.63  12.36  12.10  12.07  14.30  12.58  7.67  10.58  13.82  11.72  11.74  8.75  7.28  6.40  4.93  9.61  6.84  6.21  4.30  3.37  4.01  10.31  3.65  3.93  5.35  4.31  5.32  6.60  4.69  6.10  6.12  
8.65  11.36  12.06  11.29  11.99  12.42  9.21  7.03  12.73  11.95  11.92  14.23  12.85  7.43  10.32  14.12  11.62  11.63  8.58  7.55  6.81  5.00  9.73  7.22  6.08  4.31  3.29  4.10  10.79  3.56  3.73  5.49  4.16  5.49  6.58  4.57  5.59  5.59  
9.55  12.51  11.97  10.78  11.48  12.67  10.12  6.66  12.43  11.46  11.44  15.02  14.15  8.45  11.05  14.18  12.34  12.35  9.33  7.77  6.82  4.89  10.18  7.24  5.63  4.01  3.16  3.87  9.88  3.68  3.72  5.48  4.62  5.46  7.71  5.77  3.72  3.72  
9.35  11.74  12.27  10.82  11.43  12.76  9.62  7.46  12.09  12.63  12.60  14.21  13.14  7.76  10.64  13.68  11.76  11.78  9.10  7.28  6.66  5.26  9.66  6.68  5.85  4.05  3.10  4.22  10.68  4.72  5.02  5.66  4.13  5.64  7.22  5.09  3.83  3.81  
9.73  12.68  11.94  11.35  11.99  12.17  10.60  6.13  12.90  11.63  11.61  14.55  14.17  8.73  9.96  14.75  12.24  12.22  9.33  7.28  6.47  4.82  9.83  6.85  5.40  4.01  2.88  3.74  9.38  3.50  3.62  6.36  4.40  6.35  6.79  4.42  4.62  4.61  
9.14  12.25  12.08  10.78  11.49  12.37  9.87  6.79  12.37  12.65  12.64  14.12  13.37  8.26  10.29  14.00  11.69  11.69  8.74  7.34  6.41  4.80  9.43  6.80  6.43  3.87  2.85  3.76  10.46  3.92  4.48  6.03  4.54  6.02  6.15  4.93  4.50  4.49  
8.74  11.54  12.47  11.30  11.82  12.54  9.36  6.78  12.77  12.81  12.79  14.43  13.39  8.16  10.68  14.49  11.80  11.77  8.43  7.69  6.52  5.08  9.64  7.05  6.25  4.13  3.05  4.04  10.87  4.46  4.62  5.74  4.13  5.75  6.84  4.81  3.73  3.69  
8.97  11.88  11.86  10.81  11.42  12.11  9.57  7.38  12.34  11.88  11.88  14.76  13.71  8.08  10.55  14.18  11.72  11.69  8.90  7.81  6.37  4.81  9.53  7.25  4.92  3.92  2.89  3.76  9.40  3.76  3.84  6.04  5.02  6.06  7.46  5.34  4.38  4.38  
9.43  12.03  12.42  11.86  12.42  12.93  9.99  6.72  13.01  11.97  11.94  14.45  13.31  8.10  10.59  14.30  11.73  11.73  9.18  7.47  6.88  5.20  9.65  6.93  5.24  4.34  3.17  4.15  9.98  3.59  3.51  5.98  4.37  5.98  6.88  4.89  5.05  5.06  
8.90  11.92  12.21  10.83  11.53  12.48  9.74  7.32  12.32  11.78  11.78  14.67  13.56  8.33  10.70  13.85  12.17  12.21  9.09  7.32  6.62  4.90  10.02  6.85  5.20  3.95  2.93  3.85  10.01  3.78  3.48  5.94  4.00  5.97  7.19  4.84  4.33  4.29  
8.78  11.83  12.05  11.40  11.91  12.76  9.30  6.08  12.64  12.11  12.08  14.41  13.70  8.66  10.68  14.23  11.66  11.66  8.56  7.51  6.65  4.91  9.61  6.88  5.67  3.98  2.89  3.87  9.88  4.08  4.24  6.10  5.33  6.09  7.00  4.53  3.49  3.42  
9.19  11.98  12.57  12.07  12.64  13.06  9.62  6.97  13.23  11.18  11.20  14.23  13.34  8.36  10.74  14.58  11.51  11.48  8.80  7.38  6.84  5.27  9.77  6.69  6.18  4.26  3.07  4.20  10.79  3.63  3.07  5.80  4.57  5.82  6.69  4.78  3.79  3.79  
8.69  12.01  12.63  12.81  13.30  12.63  9.49  7.54  14.17  11.35  11.37  14.71  13.88  8.45  10.56  15.62  11.31  11.31  8.39  6.78  6.53  5.08  9.08  6.11  5.21  4.14  2.95  3.94  9.36  3.54  2.88  5.85  4.41  5.88  7.29  4.96  3.43  3.42  
9.06  12.13  12.64  12.36  13.09  12.78  9.72  6.95  13.95  11.74  11.74  14.35  13.52  8.11  10.65  15.46  11.14  11.13  8.67  7.09  6.69  5.20  9.14  6.51  5.92  4.24  3.07  4.03  10.66  3.81  3.28  5.85  4.46  5.85  6.62  4.91  4.18  4.20  
8.38  11.42  12.68  12.56  13.19  12.85  9.16  6.19  13.64  11.28  11.27  12.88  13.43  8.01  11.46  14.86  10.96  10.96  8.15  7.55  6.79  5.42  9.35  6.79  5.83  4.59  3.49  4.33  10.18  3.59  3.32  5.65  4.32  5.64  5.54  4.69  4.84  4.83  
9.41  12.16  12.27  11.90  12.67  12.94  10.11  6.76  13.51  11.12  11.11  14.64  13.68  8.50  10.63  15.07  11.68  11.69  9.30  7.38  6.87  4.95  9.80  6.90  5.62  4.07  3.02  3.90  9.87  3.00  3.17  5.35  4.35  5.32  6.81  4.79  4.25  4.23  
9.38  12.42  12.15  11.65  12.29  12.48  10.27  6.38  13.20  11.94  11.91  15.04  13.89  8.60  10.22  15.12  11.50  11.51  8.97  7.17  6.55  4.79  9.29  6.58  5.53  3.97  2.85  3.70  9.85  3.71  4.05  5.76  4.66  5.77  7.55  5.39  4.17  4.18  
9.45  12.16  12.19  12.16  12.79  12.47  10.04  7.47  13.71  11.24  11.26  14.42  13.44  8.13  10.60  15.48  11.50  11.50  9.17  7.69  6.53  4.82  9.82  7.23  5.85  4.02  2.84  3.75  9.66  3.17  3.00  5.80  4.21  5.83  6.90  5.55  4.84  4.85  
9.84  12.61  12.39  12.16  12.94  12.53  10.33  7.04  13.98  11.60  11.58  15.25  13.85  8.41  10.70  15.84  11.94  11.95  9.37  7.54  6.44  4.98  9.90  7.01  5.73  4.04  2.88  3.92  9.51  3.22  3.34  5.87  5.05  5.85  7.78  6.17  3.91  3.88  
8.97  11.67  12.19  11.92  12.56  12.51  9.54  6.62  13.56  12.31  12.28  14.64  13.17  8.01  10.39  14.97  11.27  11.28  8.77  7.31  6.59  4.86  9.51  6.78  6.37  4.03  2.85  3.74  11.43  3.82  4.21  5.48  4.38  5.45  7.09  4.88  4.76  4.75  
9.41  12.76  12.28  12.00  12.69  12.59  10.26  6.66  13.61  12.01  12.01  14.65  14.36  8.84  10.54  15.19  11.74  11.77  9.11  7.46  6.68  4.90  9.77  6.94  5.86  4.14  2.95  3.82  10.20  3.76  3.57  5.86  4.91  5.89  6.95  4.79  3.81  3.82  
9.44  12.37  12.55  12.40  12.98  12.69  10.12  7.09  13.71  11.65  11.64  14.80  14.17  8.73  10.49  15.31  12.18  12.14  8.97  7.53  6.81  5.17  9.97  6.98  5.89  4.27  3.05  4.04  9.84  3.70  3.20  5.76  4.57  5.75  6.98  4.74  3.81  3.79  
8.98  12.01  12.66  12.62  13.23  12.55  9.77  6.85  14.00  11.69  11.68  14.73  13.56  8.19  10.59  15.64  11.37  11.35  8.61  7.25  6.50  5.05  9.33  6.73  5.57  4.23  2.97  3.98  9.81  3.23  2.95  5.76  4.52  5.79  7.07  5.24  3.90  3.93  
9.33  12.05  12.85  12.86  13.41  12.90  9.88  7.37  14.18  11.74  11.73  14.58  13.63  8.34  10.37  15.77  12.03  12.02  9.15  7.24  6.83  5.31  9.66  6.66  6.09  4.40  3.17  4.17  9.72  3.26  3.00  5.46  4.80  5.48  6.93  5.31  4.67  4.70  
9.86  12.44  11.92  11.05  11.49  12.52  10.36  7.91  12.36  11.40  11.40  15.08  14.09  8.79  10.08  14.23  12.09  12.10  9.40  7.36  6.61  4.74  9.79  6.88  5.21  3.88  2.93  3.74  9.19  3.64  3.80  5.98  4.73  6.02  7.86  5.14  3.87  3.84  
9.33  12.16  12.48  11.77  12.44  12.60  9.74  7.38  13.28  11.31  11.28  14.84  13.36  8.35  10.68  15.02  11.87  11.87  9.06  7.28  6.49  5.09  9.66  6.71  5.33  4.07  2.95  3.96  8.94  3.38  3.06  5.59  5.13  5.58  7.65  6.02  3.64  3.64  
9.33  12.10  12.54  12.65  13.25  12.67  9.89  6.88  13.79  11.11  11.10  15.17  13.60  8.09  11.08  15.09  12.02  12.01  8.94  7.64  6.56  4.99  9.84  7.07  5.70  4.00  2.93  3.89  10.19  3.49  2.96  5.35  4.52  5.36  7.77  5.37  3.48  3.45  
8.68  11.75  12.48  12.31  13.12  12.65  9.57  7.34  13.96  11.82  11.83  14.87  13.59  8.13  10.97  15.63  11.94  11.93  8.64  7.33  6.66  5.00  9.82  6.88  5.55  4.08  2.93  3.90  9.71  3.49  3.51  5.24  4.59  5.24  7.35  5.63  4.09  4.06  
9.37  11.63  12.13  11.06  11.59  12.83  9.81  7.10  12.39  11.60  11.61  14.89  12.82  7.58  10.44  13.92  11.84  11.79  9.07  7.65  6.83  4.94  9.76  7.20  5.99  4.10  3.14  3.94  9.66  3.45  3.70  5.34  4.61  5.35  7.18  4.70  4.92  4.92  
9.05  12.20  12.29  11.53  12.05  12.69  9.84  6.74  12.81  11.68  11.70  15.17  13.84  8.70  10.72  14.38  12.02  12.06  9.00  7.54  6.97  5.06  10.12  7.01  5.70  4.30  3.28  4.11  9.50  3.24  3.37  5.88  4.33  5.91  7.47  4.64  3.92  3.95  
8.93  12.08  12.33  11.78  12.33  12.66  9.79  7.10  13.23  12.00  11.98  14.80  13.70  8.19  10.14  14.72  11.57  11.57  8.86  7.19  6.62  4.97  9.57  6.73  5.98  4.13  2.96  3.92  10.55  3.40  3.48  5.79  4.21  5.79  6.93  5.14  3.96  3.96  
9.31  12.21  12.02  11.31  11.73  13.26  9.66  6.76  12.65  11.38  11.38  14.84  13.74  8.63  11.31  14.30  11.95  11.97  8.98  8.19  7.21  5.39  9.98  7.62  5.65  4.30  3.57  4.39  9.85  3.37  3.71  5.79  4.54  5.79  7.62  5.51  4.19  4.21  
9.28  12.23  12.72  12.49  12.94  13.02  10.03  7.20  13.34  12.31  12.28  14.05  13.70  8.08  10.63  14.82  12.13  12.13  9.17  7.62  7.14  5.29  10.08  7.07  7.01  4.48  3.29  4.27  10.96  3.77  3.87  6.32  4.34  6.32  6.36  4.61  4.29  4.33  
8.91  12.42  12.37  12.25  12.75  12.81  9.73  7.29  13.74  11.70  11.71  14.61  14.31  9.08  10.60  15.42  11.77  11.75  8.96  7.26  7.02  5.13  9.84  6.73  5.20  4.29  3.16  4.04  9.40  3.37  3.26  6.23  4.84  6.24  6.99  4.92  3.88  3.86  
9.10  12.62  12.56  12.48  13.08  12.85  10.08  6.49  13.83  11.80  11.78  14.44  14.21  8.40  11.32  15.47  12.00  12.00  8.87  8.05  7.01  5.06  9.93  7.42  5.87  4.21  3.02  3.97  10.01  3.52  3.08  5.64  4.46  5.62  6.56  4.85  3.63  3.59  
